187.917	0.31	2.66	-1.5	-2.02	1.79
187.918	0.31	2.7	-1.68	-1.73	1.85
187.919	0.31	2.84	-1.72	-1.35	1.89
187.92	0.32	3.08	-1.59	-0.91	1.9
187.921	0.32	3.4	-1.3	-0.45	1.87
187.922	0.33	3.81	-0.86	0	1.79
187.923	0.33	4.25	-0.28	0.39	1.67
187.924	0.34	4.72	0.39	0.71	1.5
187.925	0.34	5.17	1.11	0.93	1.3
187.926	0.35	5.58	1.83	1.04	1.07
187.927	0.35	5.92	2.5	1.02	0.84
187.928	0.35	6.15	3.07	0.89	0.62
187.929	0.35	6.25	3.5	0.67	0.43
187.93	0.35	6.2	3.76	0.37	0.3
187.931	0.34	6	3.82	0.01	0.25
187.932	0.34	5.64	3.69	-0.36	0.28
187.933	0.34	5.12	3.37	-0.73	0.4
187.934	0.34	4.48	2.88	-1.06	0.62
187.935	0.33	3.71	2.29	-1.32	0.93
187.936	0.34	2.87	1.62	-1.5	1.33
187.937	0.34	1.97	0.94	-1.6	1.78
187.938	0.35	1.05	0.31	-1.61	2.26
187.939	0.36	0.15	-0.22	-1.53	2.74
187.94	0.38	-0.68	-0.6	-1.38	3.18
187.941	0.4	-1.43	-0.78	-1.18	3.55
187.942	0.42	-2.07	-0.76	-0.95	3.83
187.943	0.45	-2.57	-0.53	-0.72	3.97
187.944	0.48	-2.91	-0.09	-0.51	3.96
187.945	0.51	-3.1	0.5	-0.33	3.8
187.946	0.54	-3.13	1.22	-0.22	3.47
187.947	0.56	-3.01	2	-0.17	3
187.948	0.59	-2.76	2.78	-0.2	2.4
187.949	0.6	-2.39	3.47	-0.29	1.7
187.95	0.62	-1.93	4.03	-0.45	0.94
187.951	0.62	-1.41	4.39	-0.64	0.17
187.952	0.63	-0.85	4.5	-0.86	-0.57
187.953	0.62	-0.3	4.35	-1.09	-1.23
187.954	0.61	0.22	3.92	-1.3	-1.78
187.955	0.59	0.69	3.22	-1.48	-2.18
187.956	0.57	1.08	2.29	-1.61	-2.4
187.957	0.54	1.38	1.16	-1.68	-2.45
187.958	0.51	1.56	-0.08	-1.69	-2.31
187.959	0.48	1.62	-1.38	-1.64	-2
187.96	0.45	1.56	-2.65	-1.54	-1.56
187.961	0.42	1.39	-3.83	-1.4	-1.02
187.962	0.38	1.1	-4.85	-1.24	-0.43
187.963	0.35	0.71	-5.65	-1.08	0.16
187.964	0.33	0.25	-6.18	-0.93	0.71
187.965	0.3	-0.27	-6.44	-0.82	1.16
187.966	0.28	-0.81	-6.42	-0.76	1.46
187.967	0.26	-1.36	-6.14	-0.77	1.6
187.968	0.25	-1.9	-5.64	-0.83	1.54
187.969	0.24	-2.39	-4.95	-0.96	1.3
187.97	0.23	-2.81	-4.15	-1.14	0.87
187.971	0.22	-3.14	-3.3	-1.37	0.28
187.972	0.21	-3.36	-2.46	-1.63	-0.43
187.973	0.2	-3.49	-1.69	-1.9	-1.22
187.974	0.2	-3.49	-1.03	-2.16	-2.02
187.975	0.19	-3.38	-0.54	-2.38	-2.79
187.976	0.18	-3.16	-0.22	-2.56	-3.47
187.977	0.18	-2.85	-0.08	-2.68	-4
187.978	0.17	-2.48	-0.1	-2.73	-4.36
187.979	0.17	-2.07	-0.26	-2.71	-4.51
187.98	0.17	-1.64	-0.52	-2.61	-4.43
187.981	0.17	-1.24	-0.82	-2.45	-4.14
187.982	0.17	-0.89	-1.13	-2.24	-3.65
187.983	0.17	-0.63	-1.4	-2	-2.98
187.984	0.17	-0.49	-1.57	-1.74	-2.19
187.985	0.18	-0.5	-1.61	-1.49	-1.33
187.986	0.19	-0.67	-1.51	-1.27	-0.46
187.987	0.19	-1.02	-1.26	-1.09	0.38
187.988	0.2	-1.55	-0.87	-0.98	1.12
187.989	0.22	-2.26	-0.37	-0.95	1.71
187.99	0.23	-3.13	0.22	-0.99	2.13
187.991	0.24	-4.14	0.86	-1.12	2.34
187.992	0.25	-5.26	1.48	-1.33	2.34
187.993	0.26	-6.45	2.03	-1.62	2.14
187.994	0.28	-7.66	2.47	-1.97	1.75
187.995	0.29	-8.84	2.75	-2.37	1.2
187.996	0.3	-9.94	2.85	-2.79	0.55
187.997	0.3	-10.93	2.75	-3.23	-0.18
187.998	0.31	-11.73	2.43	-3.66	-0.92
187.999	0.32	-12.32	1.92	-4.07	-1.63
188	0.32	-12.66	1.22	-4.43	-2.26
188.001	0.33	-12.76	0.39	-4.74	-2.78
188.002	0.33	-12.57	-0.54	-4.99	-3.17
188.003	0.34	-12.11	-1.53	-5.16	-3.41
188.004	0.34	-11.38	-2.51	-5.26	-3.49
188.005	0.34	-10.43	-3.44	-5.27	-3.43
188.006	0.35	-9.29	-4.28	-5.21	-3.25
188.007	0.35	-7.99	-5	-5.08	-2.97
188.008	0.35	-6.57	-5.57	-4.87	-2.62
188.009	0.35	-5.1	-5.96	-4.6	-2.24
188.01	0.36	-3.64	-6.2	-4.28	-1.86
188.011	0.36	-2.22	-6.27	-3.92	-1.52
188.012	0.36	-0.88	-6.21	-3.52	-1.23
188.013	0.36	0.34	-6.01	-3.09	-1
188.014	0.36	1.42	-5.72	-2.63	-0.86
188.015	0.36	2.35	-5.36	-2.17	-0.79
188.016	0.36	3.13	-4.95	-1.71	-0.79
188.017	0.36	3.77	-4.51	-1.25	-0.85
188.018	0.36	4.29	-4.04	-0.8	-0.94
188.019	0.36	4.72	-3.55	-0.37	-1.03
188.02	0.36	5.1	-3.05	0.03	-1.1
188.021	0.36	5.46	-2.53	0.41	-1.14
188.022	0.36	5.84	-1.96	0.75	-1.13
188.023	0.36	6.26	-1.35	1.06	-1.04
188.024	0.36	6.74	-0.66	1.32	-0.88
188.025	0.36	7.31	0.1	1.55	-0.65
188.026	0.36	7.97	0.94	1.73	-0.36
188.027	0.37	8.7	1.86	1.87	-0.01
188.028	0.37	9.48	2.85	1.97	0.37
188.029	0.37	10.27	3.88	2.02	0.75
188.03	0.37	11.03	4.93	2.05	1.13
188.031	0.37	11.73	5.97	2.04	1.46
188.032	0.37	12.31	6.95	2.02	1.74
188.033	0.37	12.72	7.82	1.98	1.95
188.034	0.37	12.9	8.53	1.93	2.07
188.035	0.37	12.85	9.06	1.89	2.11
188.036	0.37	12.53	9.38	1.85	2.07
188.037	0.37	11.94	9.45	1.83	1.95
188.038	0.37	11.08	9.27	1.83	1.78
188.039	0.37	9.98	8.84	1.85	1.57
188.04	0.37	8.67	8.18	1.9	1.33
188.041	0.37	7.23	7.33	1.98	1.1
188.042	0.37	5.69	6.33	2.08	0.88
188.043	0.37	4.12	5.22	2.21	0.71
188.044	0.37	2.61	4.06	2.34	0.6
188.045	0.37	1.22	2.92	2.49	0.55
188.046	0.37	0	1.85	2.62	0.58
188.047	0.37	-0.99	0.9	2.74	0.68
188.048	0.37	-1.75	0.1	2.83	0.86
188.049	0.38	-2.23	-0.51	2.88	1.1
188.05	0.38	-2.44	-0.91	2.87	1.39
188.051	0.38	-2.4	-1.11	2.81	1.73
188.052	0.38	-2.15	-1.12	2.68	2.09
188.053	0.38	-1.76	-0.98	2.47	2.45
188.054	0.38	-1.27	-0.7	2.2	2.79
188.055	0.38	-0.74	-0.34	1.86	3.12
188.056	0.38	-0.26	0.06	1.46	3.4
188.057	0.38	0.12	0.45	1.02	3.63
188.058	0.38	0.31	0.78	0.55	3.78
188.059	0.38	0.3	1.03	0.06	3.86
188.06	0.38	0.04	1.16	-0.42	3.84
188.061	0.38	-0.48	1.16	-0.87	3.74
188.062	0.38	-1.28	1.02	-1.28	3.54
188.063	0.37	-2.32	0.73	-1.64	3.22
188.064	0.37	-3.57	0.32	-1.93	2.8
188.065	0.37	-4.99	-0.19	-2.13	2.28
188.066	0.37	-6.52	-0.77	-2.25	1.66
188.067	0.37	-8.1	-1.4	-2.29	0.94
188.068	0.37	-9.66	-2.06	-2.26	0.13
188.069	0.37	-11.13	-2.71	-2.15	-0.76
188.07	0.37	-12.46	-3.32	-2	-1.71
188.071	0.37	-13.6	-3.89	-1.81	-2.7
188.072	0.37	-14.52	-4.41	-1.61	-3.73
188.073	0.37	-15.18	-4.87	-1.41	-4.75
188.074	0.37	-15.57	-5.28	-1.23	-5.76
188.075	0.37	-15.7	-5.65	-1.1	-6.72
188.076	0.37	-15.58	-5.98	-1.01	-7.61
188.077	0.37	-15.24	-6.31	-0.99	-8.41
188.078	0.37	-14.68	-6.63	-1.04	-9.09
188.079	0.37	-13.96	-6.96	-1.15	-9.63
188.08	0.37	-13.11	-7.3	-1.32	-10.03
188.081	0.37	-12.19	-7.65	-1.54	-10.28
188.082	0.38	-11.21	-8.02	-1.79	-10.37
188.083	0.38	-10.2	-8.37	-2.07	-10.3
188.084	0.38	-9.19	-8.7	-2.35	-10.07
188.085	0.38	-8.21	-9	-2.62	-9.71
188.086	0.38	-7.27	-9.24	-2.86	-9.24
188.087	0.38	-6.37	-9.4	-3.05	-8.67
188.088	0.38	-5.49	-9.46	-3.18	-8.03
188.089	0.38	-4.66	-9.4	-3.25	-7.34
188.09	0.39	-3.86	-9.22	-3.25	-6.63
188.091	0.39	-3.09	-8.93	-3.19	-5.94
188.092	0.39	-2.34	-8.53	-3.05	-5.27
188.093	0.39	-1.58	-8.02	-2.83	-4.64
188.094	0.39	-0.83	-7.43	-2.56	-4.07
188.095	0.39	-0.09	-6.78	-2.23	-3.58
188.096	0.39	0.66	-6.11	-1.85	-3.16
188.097	0.39	1.41	-5.43	-1.43	-2.81
188.098	0.39	2.17	-4.75	-0.97	-2.51
188.099	0.39	2.9	-4.11	-0.47	-2.28
188.1	0.39	3.63	-3.52	0.05	-2.08
188.101	0.39	4.34	-2.98	0.6	-1.9
188.102	0.39	5.05	-2.49	1.17	-1.73
188.103	0.39	5.74	-2.02	1.76	-1.52
188.104	0.39	6.4	-1.59	2.35	-1.27
188.105	0.39	7.05	-1.16	2.95	-0.97
188.106	0.39	7.69	-0.7	3.54	-0.59
188.107	0.39	8.32	-0.21	4.11	-0.13
188.108	0.39	8.94	0.35	4.65	0.44
188.109	0.39	9.55	0.97	5.14	1.1
188.11	0.39	10.15	1.67	5.56	1.85
188.111	0.39	10.75	2.45	5.9	2.69
188.112	0.39	11.34	3.3	6.15	3.59
188.113	0.39	11.89	4.19	6.29	4.55
188.114	0.39	12.41	5.1	6.3	5.53
188.115	0.39	12.87	5.98	6.19	6.5
188.116	0.39	13.27	6.82	5.96	7.44
188.117	0.39	13.59	7.58	5.63	8.33
188.118	0.39	13.8	8.2	5.2	9.12
188.119	0.39	13.89	8.66	4.7	9.78
188.12	0.39	13.84	8.93	4.15	10.3
188.121	0.39	13.66	9.01	3.58	10.66
188.122	0.39	13.33	8.9	3.03	10.85
188.123	0.4	12.85	8.58	2.53	10.87
188.124	0.4	12.22	8.08	2.1	10.7
188.125	0.4	11.47	7.42	1.78	10.37
188.126	0.4	10.61	6.66	1.57	9.91
188.127	0.4	9.66	5.81	1.5	9.33
188.128	0.41	8.65	4.93	1.56	8.66
188.129	0.41	7.61	4.06	1.75	7.93
188.13	0.41	6.57	3.23	2.05	7.19
188.131	0.41	5.56	2.48	2.44	6.47
188.132	0.41	4.62	1.84	2.89	5.8
188.133	0.41	3.75	1.33	3.36	5.21
188.134	0.41	3	0.94	3.84	4.73
188.135	0.41	2.36	0.68	4.28	4.36
188.136	0.41	1.85	0.55	4.65	4.13
188.137	0.41	1.46	0.52	4.92	4.03
188.138	0.41	1.18	0.57	5.09	4.05
188.139	0.41	1.01	0.68	5.15	4.18
188.14	0.41	0.92	0.82	5.08	4.4
188.141	0.41	0.89	0.97	4.91	4.68
188.142	0.42	0.9	1.1	4.65	4.99
188.143	0.42	0.92	1.21	4.32	5.29
188.144	0.42	0.94	1.27	3.94	5.58
188.145	0.42	0.92	1.29	3.56	5.81
188.146	0.42	0.85	1.26	3.19	5.98
188.147	0.42	0.71	1.18	2.86	6.05
188.148	0.42	0.51	1.05	2.59	6.02
188.149	0.42	0.25	0.89	2.39	5.89
188.15	0.42	-0.07	0.7	2.28	5.68
188.151	0.42	-0.43	0.49	2.25	5.37
188.152	0.42	-0.83	0.26	2.28	5
188.153	0.42	-1.24	0.02	2.38	4.56
188.154	0.42	-1.63	-0.23	2.5	4.09
188.155	0.42	-1.99	-0.49	2.64	3.61
188.156	0.42	-2.28	-0.77	2.76	3.14
188.157	0.42	-2.5	-1.07	2.84	2.68
188.158	0.42	-2.64	-1.39	2.85	2.25
188.159	0.43	-2.68	-1.72	2.78	1.86
188.16	0.43	-2.61	-2.08	2.63	1.51
188.161	0.43	-2.45	-2.45	2.38	1.2
188.162	0.43	-2.21	-2.83	2.04	0.92
188.163	0.43	-1.9	-3.2	1.63	0.65
188.164	0.43	-1.54	-3.55	1.16	0.41
188.165	0.43	-1.16	-3.87	0.66	0.16
188.166	0.44	-0.78	-4.14	0.15	-0.1
188.167	0.44	-0.43	-4.34	-0.35	-0.39
188.168	0.44	-0.15	-4.46	-0.79	-0.72
188.169	0.44	0.06	-4.49	-1.17	-1.07
188.17	0.44	0.17	-4.43	-1.46	-1.46
188.171	0.44	0.17	-4.28	-1.65	-1.89
188.172	0.44	0.05	-4.05	-1.73	-2.36
188.173	0.45	-0.19	-3.76	-1.72	-2.84
188.174	0.45	-0.53	-3.41	-1.61	-3.32
188.175	0.45	-0.96	-3.04	-1.42	-3.79
188.176	0.45	-1.47	-2.68	-1.17	-4.24
188.177	0.45	-2.03	-2.35	-0.88	-4.66
188.178	0.45	-2.61	-2.07	-0.58	-5.03
188.179	0.45	-3.17	-1.87	-0.28	-5.32
188.18	0.45	-3.69	-1.76	-0.02	-5.55
188.181	0.45	-4.15	-1.75	0.19	-5.71
188.182	0.46	-4.52	-1.84	0.34	-5.79
188.183	0.46	-4.77	-2.03	0.41	-5.79
188.184	0.46	-4.9	-2.29	0.4	-5.72
188.185	0.46	-4.89	-2.61	0.31	-5.59
188.186	0.46	-4.76	-2.96	0.14	-5.42
188.187	0.46	-4.5	-3.31	-0.1	-5.2
188.188	0.47	-4.13	-3.63	-0.4	-4.95
188.189	0.47	-3.66	-3.9	-0.73	-4.68
188.19	0.47	-3.13	-4.08	-1.1	-4.4
188.191	0.47	-2.57	-4.16	-1.49	-4.13
188.192	0.48	-1.99	-4.13	-1.88	-3.87
188.193	0.48	-1.43	-3.98	-2.26	-3.61
188.194	0.48	-0.91	-3.73	-2.61	-3.37
188.195	0.48	-0.47	-3.38	-2.93	-3.14
188.196	0.49	-0.11	-2.95	-3.22	-2.93
188.197	0.49	0.13	-2.46	-3.45	-2.73
188.198	0.49	0.27	-1.94	-3.63	-2.53
188.199	0.49	0.29	-1.43	-3.75	-2.34
188.2	0.5	0.2	-0.93	-3.81	-2.14
188.201	0.5	0	-0.48	-3.81	-1.94
188.202	0.5	-0.27	-0.1	-3.75	-1.73
188.203	0.5	-0.61	0.21	-3.61	-1.52
188.204	0.5	-0.98	0.44	-3.41	-1.3
188.205	0.51	-1.37	0.59	-3.15	-1.07
188.206	0.51	-1.74	0.67	-2.83	-0.85
188.207	0.51	-2.06	0.69	-2.46	-0.63
188.208	0.51	-2.32	0.67	-2.04	-0.42
188.209	0.51	-2.5	0.61	-1.6	-0.23
188.21	0.52	-2.57	0.54	-1.13	-0.06
188.211	0.52	-2.54	0.47	-0.66	0.09
188.212	0.52	-2.4	0.41	-0.21	0.21
188.213	0.52	-2.15	0.36	0.23	0.3
188.214	0.53	-1.8	0.34	0.62	0.37
188.215	0.53	-1.36	0.33	0.96	0.41
188.216	0.53	-0.87	0.34	1.24	0.43
188.217	0.53	-0.33	0.35	1.44	0.45
188.218	0.53	0.22	0.37	1.57	0.46
188.219	0.54	0.76	0.37	1.62	0.48
188.22	0.54	1.27	0.36	1.59	0.51
188.221	0.54	1.72	0.33	1.51	0.57
188.222	0.54	2.09	0.29	1.37	0.65
188.223	0.54	2.38	0.24	1.19	0.77
188.224	0.54	2.56	0.19	0.99	0.92
188.225	0.54	2.63	0.15	0.78	1.09
188.226	0.54	2.61	0.13	0.57	1.3
188.227	0.54	2.49	0.16	0.39	1.52
188.228	0.54	2.28	0.24	0.25	1.74
188.229	0.54	2	0.39	0.15	1.96
188.23	0.54	1.67	0.62	0.1	2.15
188.231	0.54	1.31	0.92	0.1	2.31
188.232	0.53	0.94	1.3	0.15	2.43
188.233	0.53	0.58	1.73	0.25	2.48
188.234	0.53	0.24	2.21	0.39	2.48
188.235	0.53	-0.06	2.71	0.56	2.41
188.236	0.54	-0.31	3.19	0.74	2.28
188.237	0.54	-0.5	3.64	0.94	2.09
188.238	0.54	-0.63	4	1.13	1.86
188.239	0.54	-0.72	4.25	1.3	1.6
188.24	0.54	-0.75	4.38	1.45	1.33
188.241	0.54	-0.74	4.36	1.58	1.06
188.242	0.54	-0.7	4.17	1.67	0.82
188.243	0.55	-0.66	3.82	1.72	0.62
188.244	0.55	-0.61	3.31	1.72	0.47
188.245	0.55	-0.57	2.67	1.69	0.39
188.246	0.55	-0.56	1.91	1.62	0.37
188.247	0.55	-0.59	1.08	1.5	0.42
188.248	0.55	-0.66	0.19	1.35	0.51
188.249	0.54	-0.76	-0.69	1.16	0.65
188.25	0.54	-0.92	-1.55	0.94	0.8
188.251	0.54	-1.11	-2.34	0.69	0.95
188.252	0.54	-1.34	-3.03	0.43	1.08
188.253	0.54	-1.59	-3.6	0.14	1.15
188.254	0.53	-1.85	-4.03	-0.14	1.15
188.255	0.53	-2.12	-4.31	-0.43	1.06
188.256	0.53	-2.37	-4.47	-0.71	0.87
188.257	0.53	-2.6	-4.49	-0.96	0.57
188.258	0.53	-2.81	-4.39	-1.18	0.16
188.259	0.52	-2.98	-4.2	-1.36	-0.33
188.26	0.52	-3.11	-3.95	-1.48	-0.91
188.261	0.52	-3.2	-3.65	-1.55	-1.53
188.262	0.52	-3.25	-3.33	-1.54	-2.17
188.263	0.52	-3.27	-3	-1.47	-2.8
188.264	0.52	-3.27	-2.69	-1.32	-3.38
188.265	0.51	-3.24	-2.41	-1.11	-3.87
188.266	0.51	-3.22	-2.17	-0.85	-4.26
188.267	0.51	-3.2	-1.96	-0.54	-4.51
188.268	0.5	-3.19	-1.79	-0.21	-4.6
188.269	0.5	-3.21	-1.64	0.14	-4.53
188.27	0.5	-3.25	-1.52	0.48	-4.31
188.271	0.49	-3.33	-1.42	0.79	-3.94
188.272	0.48	-3.44	-1.33	1.06	-3.43
188.273	0.48	-3.57	-1.24	1.26	-2.82
188.274	0.47	-3.72	-1.15	1.4	-2.14
188.275	0.47	-3.88	-1.07	1.45	-1.41
188.276	0.46	-4.04	-0.99	1.43	-0.68
188.277	0.46	-4.19	-0.91	1.33	0.02
188.278	0.45	-4.32	-0.84	1.16	0.66
188.279	0.45	-4.4	-0.78	0.94	1.23
188.28	0.44	-4.44	-0.72	0.68	1.69
188.281	0.44	-4.44	-0.67	0.4	2.03
188.282	0.43	-4.37	-0.63	0.12	2.26
188.283	0.43	-4.26	-0.56	-0.14	2.38
188.284	0.42	-4.09	-0.49	-0.38	2.39
188.285	0.42	-3.88	-0.37	-0.58	2.3
188.286	0.42	-3.64	-0.21	-0.73	2.14
188.287	0.41	-3.39	0.02	-0.83	1.92
188.288	0.41	-3.13	0.34	-0.88	1.67
188.289	0.41	-2.89	0.74	-0.9	1.39
188.29	0.4	-2.68	1.24	-0.89	1.11
188.291	0.4	-2.51	1.84	-0.86	0.83
188.292	0.39	-2.39	2.52	-0.83	0.58
188.293	0.39	-2.32	3.26	-0.81	0.36
188.294	0.38	-2.3	4.05	-0.8	0.15
188.295	0.38	-2.33	4.84	-0.82	-0.02
188.296	0.38	-2.39	5.61	-0.87	-0.18
188.297	0.37	-2.47	6.31	-0.94	-0.3
188.298	0.37	-2.55	6.91	-1.03	-0.41
188.299	0.36	-2.62	7.37	-1.12	-0.49
188.3	0.36	-2.65	7.65	-1.21	-0.56
188.301	0.35	-2.63	7.74	-1.27	-0.61
188.302	0.35	-2.55	7.63	-1.3	-0.64
188.303	0.35	-2.4	7.32	-1.29	-0.63
188.304	0.34	-2.18	6.82	-1.22	-0.59
188.305	0.34	-1.9	6.16	-1.09	-0.51
188.306	0.34	-1.58	5.39	-0.9	-0.39
188.307	0.33	-1.23	4.55	-0.65	-0.22
188.308	0.33	-0.89	3.69	-0.37	0.01
188.309	0.33	-0.58	2.87	-0.06	0.28
188.31	0.33	-0.33	2.15	0.26	0.6
188.311	0.33	-0.19	1.57	0.56	0.96
188.312	0.32	-0.17	1.18	0.82	1.34
188.313	0.32	-0.28	1	1.04	1.73
188.314	0.32	-0.56	1.05	1.19	2.12
188.315	0.32	-0.99	1.32	1.26	2.48
188.316	0.32	-1.58	1.8	1.25	2.81
188.317	0.32	-2.29	2.46	1.17	3.08
188.318	0.32	-3.09	3.25	1.02	3.28
188.319	0.31	-3.93	4.11	0.83	3.4
188.32	0.31	-4.77	4.99	0.6	3.42
188.321	0.31	-5.54	5.82	0.36	3.36
188.322	0.31	-6.19	6.54	0.14	3.21
188.323	0.31	-6.66	7.09	-0.06	2.97
188.324	0.31	-6.9	7.42	-0.21	2.65
188.325	0.31	-6.86	7.51	-0.3	2.27
188.326	0.31	-6.52	7.33	-0.32	1.86
188.327	0.3	-5.88	6.88	-0.29	1.41
188.328	0.3	-4.93	6.17	-0.2	0.96
188.329	0.3	-3.7	5.23	-0.09	0.51
188.33	0.3	-2.24	4.11	0.05	0.09
188.331	0.3	-0.58	2.84	0.18	-0.3
188.332	0.3	1.19	1.5	0.27	-0.63
188.333	0.3	2.97	0.14	0.31	-0.91
188.334	0.3	4.71	-1.17	0.28	-1.12
188.335	0.3	6.31	-2.38	0.17	-1.27
188.336	0.3	7.71	-3.44	-0.04	-1.36
188.337	0.3	8.82	-4.3	-0.33	-1.4
188.338	0.3	9.56	-4.94	-0.71	-1.39
188.339	0.3	9.92	-5.33	-1.15	-1.34
188.34	0.3	9.86	-5.47	-1.63	-1.26
188.341	0.3	9.39	-5.38	-2.13	-1.16
188.342	0.3	8.52	-5.06	-2.61	-1.06
188.343	0.3	7.25	-4.55	-3.06	-0.97
188.344	0.29	5.66	-3.87	-3.45	-0.89
188.345	0.29	3.79	-3.08	-3.75	-0.84
188.346	0.29	1.73	-2.23	-3.96	-0.83
188.347	0.29	-0.46	-1.35	-4.07	-0.86
188.348	0.29	-2.71	-0.5	-4.09	-0.95
188.349	0.29	-4.94	0.29	-4.02	-1.09
188.35	0.29	-7.09	0.98	-3.88	-1.29
188.351	0.28	-9.09	1.53	-3.7	-1.54
188.352	0.28	-10.91	1.92	-3.49	-1.86
188.353	0.28	-12.49	2.12	-3.27	-2.22
188.354	0.28	-13.83	2.13	-3.08	-2.63
188.355	0.28	-14.9	1.94	-2.92	-3.08
188.356	0.29	-15.73	1.57	-2.82	-3.55
188.357	0.29	-16.31	1.01	-2.77	-4.03
188.358	0.29	-16.64	0.29	-2.77	-4.5
188.359	0.29	-16.76	-0.56	-2.82	-4.96
188.36	0.29	-16.7	-1.53	-2.9	-5.38
188.361	0.29	-16.49	-2.57	-3	-5.75
188.362	0.29	-16.15	-3.66	-3.09	-6.05
188.363	0.3	-15.71	-4.74	-3.16	-6.28
188.364	0.3	-15.16	-5.79	-3.19	-6.41
188.365	0.3	-14.55	-6.76	-3.16	-6.45
188.366	0.3	-13.9	-7.62	-3.07	-6.4
188.367	0.3	-13.22	-8.35	-2.93	-6.26
188.368	0.3	-12.5	-8.89	-2.73	-6.01
188.369	0.3	-11.75	-9.24	-2.48	-5.69
188.37	0.3	-10.99	-9.39	-2.21	-5.28
188.371	0.3	-10.21	-9.32	-1.94	-4.82
188.372	0.3	-9.43	-9.05	-1.69	-4.32
188.373	0.3	-8.63	-8.55	-1.47	-3.79
188.374	0.3	-7.83	-7.87	-1.31	-3.24
188.375	0.3	-7.01	-7.01	-1.21	-2.69
188.376	0.3	-6.2	-6.02	-1.18	-2.16
188.377	0.3	-5.39	-4.92	-1.22	-1.66
188.378	0.31	-4.57	-3.74	-1.3	-1.2
188.379	0.31	-3.76	-2.51	-1.42	-0.78
188.38	0.31	-2.96	-1.27	-1.53	-0.42
188.381	0.31	-2.16	-0.06	-1.62	-0.11
188.382	0.31	-1.38	1.1	-1.65	0.15
188.383	0.31	-0.6	2.19	-1.59	0.35
188.384	0.31	0.14	3.18	-1.41	0.49
188.385	0.31	0.85	4.06	-1.1	0.59
188.386	0.31	1.53	4.82	-0.64	0.65
188.387	0.3	2.17	5.45	-0.04	0.66
188.388	0.3	2.75	5.96	0.7	0.65
188.389	0.3	3.24	6.33	1.53	0.59
188.39	0.3	3.64	6.59	2.44	0.5
188.391	0.3	3.95	6.73	3.37	0.4
188.392	0.3	4.15	6.77	4.28	0.27
188.393	0.3	4.23	6.71	5.12	0.13
188.394	0.3	4.16	6.54	5.84	-0.02
188.395	0.3	3.96	6.3	6.38	-0.18
188.396	0.3	3.64	5.99	6.73	-0.34
188.397	0.3	3.2	5.63	6.86	-0.49
188.398	0.3	2.65	5.21	6.75	-0.63
188.399	0.3	2.02	4.75	6.41	-0.75
188.4	0.3	1.34	4.27	5.85	-0.83
188.401	0.3	0.64	3.78	5.11	-0.89
188.402	0.3	-0.04	3.3	4.22	-0.9
188.403	0.3	-0.67	2.85	3.25	-0.87
188.404	0.3	-1.22	2.44	2.23	-0.79
188.405	0.3	-1.64	2.08	1.23	-0.67
188.406	0.3	-1.93	1.78	0.3	-0.51
188.407	0.3	-2.05	1.58	-0.51	-0.32
188.408	0.3	-2	1.46	-1.15	-0.1
188.409	0.3	-1.78	1.43	-1.6	0.13
188.41	0.31	-1.41	1.49	-1.85	0.36
188.411	0.31	-0.91	1.63	-1.89	0.57
188.412	0.31	-0.31	1.85	-1.72	0.77
188.413	0.31	0.36	2.13	-1.37	0.93
188.414	0.31	1.05	2.45	-0.86	1.04
188.415	0.31	1.72	2.8	-0.23	1.1
188.416	0.31	2.32	3.15	0.47	1.11
188.417	0.31	2.82	3.48	1.22	1.07
188.418	0.31	3.19	3.78	1.97	0.97
188.419	0.31	3.41	4.04	2.68	0.84
188.42	0.32	3.46	4.25	3.32	0.67
188.421	0.32	3.36	4.41	3.88	0.49
188.422	0.32	3.11	4.51	4.32	0.31
188.423	0.31	2.74	4.56	4.66	0.16
188.424	0.31	2.28	4.56	4.88	0.04
188.425	0.31	1.78	4.54	5	-0.03
188.426	0.31	1.28	4.51	5.02	-0.04
188.427	0.31	0.83	4.47	4.96	0.04
188.428	0.31	0.47	4.42	4.84	0.19
188.429	0.31	0.24	4.39	4.67	0.42
188.43	0.31	0.16	4.37	4.47	0.73
188.431	0.31	0.25	4.36	4.26	1.11
188.432	0.31	0.53	4.35	4.04	1.54
188.433	0.31	0.97	4.33	3.82	2.01
188.434	0.31	1.57	4.28	3.61	2.49
188.435	0.31	2.27	4.19	3.41	2.96
188.436	0.31	3.06	4.05	3.22	3.41
188.437	0.31	3.87	3.83	3.03	3.81
188.438	0.31	4.66	3.53	2.85	4.14
188.439	0.31	5.38	3.15	2.67	4.38
188.44	0.31	5.97	2.68	2.49	4.53
188.441	0.31	6.41	2.14	2.31	4.58
188.442	0.32	6.66	1.55	2.13	4.53
188.443	0.32	6.7	0.93	1.96	4.38
188.444	0.32	6.53	0.31	1.8	4.14
188.445	0.32	6.16	-0.28	1.65	3.84
188.446	0.32	5.62	-0.8	1.52	3.48
188.447	0.32	4.93	-1.21	1.42	3.1
188.448	0.32	4.15	-1.51	1.34	2.7
188.449	0.32	3.32	-1.64	1.31	2.31
188.45	0.32	2.49	-1.62	1.32	1.96
188.451	0.32	1.71	-1.43	1.36	1.66
188.452	0.32	1.04	-1.08	1.43	1.42
188.453	0.32	0.51	-0.6	1.54	1.25
188.454	0.32	0.16	-0.01	1.68	1.16
188.455	0.32	-0.01	0.65	1.83	1.14
188.456	0.32	0.02	1.33	2	1.18
188.457	0.32	0.23	1.99	2.17	1.29
188.458	0.32	0.61	2.57	2.33	1.43
188.459	0.32	1.12	3.04	2.48	1.59
188.46	0.32	1.72	3.36	2.62	1.77
188.461	0.32	2.36	3.5	2.73	1.93
188.462	0.32	3	3.44	2.82	2.06
188.463	0.32	3.57	3.17	2.87	2.15
188.464	0.32	4.04	2.7	2.89	2.19
188.465	0.32	4.37	2.07	2.88	2.18
188.466	0.32	4.53	1.29	2.83	2.1
188.467	0.32	4.5	0.4	2.74	1.98
188.468	0.32	4.26	-0.55	2.62	1.8
188.469	0.31	3.83	-1.51	2.45	1.58
188.47	0.31	3.23	-2.43	2.24	1.35
188.471	0.31	2.48	-3.27	2	1.1
188.472	0.31	1.61	-3.99	1.71	0.86
188.473	0.31	0.67	-4.56	1.38	0.63
188.474	0.31	-0.28	-4.97	1.01	0.43
188.475	0.31	-1.21	-5.19	0.61	0.26
188.476	0.31	-2.07	-5.25	0.18	0.13
188.477	0.31	-2.83	-5.13	-0.26	0.02
188.478	0.31	-3.44	-4.88	-0.72	-0.06
188.479	0.31	-3.89	-4.5	-1.16	-0.12
188.48	0.31	-4.16	-4.05	-1.59	-0.18
188.481	0.31	-4.25	-3.54	-1.99	-0.25
188.482	0.32	-4.18	-3.02	-2.34	-0.34
188.483	0.32	-3.94	-2.51	-2.62	-0.47
188.484	0.32	-3.57	-2.05	-2.83	-0.64
188.485	0.32	-3.11	-1.65	-2.96	-0.86
188.486	0.32	-2.58	-1.33	-2.99	-1.13
188.487	0.32	-2.02	-1.1	-2.94	-1.44
188.488	0.32	-1.47	-0.96	-2.8	-1.79
188.489	0.32	-0.95	-0.9	-2.58	-2.16
188.49	0.32	-0.5	-0.93	-2.29	-2.52
188.491	0.32	-0.14	-1.01	-1.97	-2.87
188.492	0.32	0.11	-1.15	-1.62	-3.17
188.493	0.32	0.25	-1.31	-1.27	-3.41
188.494	0.32	0.28	-1.49	-0.94	-3.56
188.495	0.32	0.21	-1.66	-0.66	-3.6
188.496	0.31	0.05	-1.82	-0.44	-3.54
188.497	0.31	-0.19	-1.95	-0.3	-3.37
188.498	0.31	-0.48	-2.04	-0.26	-3.08
188.499	0.31	-0.8	-2.1	-0.31	-2.7
188.5	0.31	-1.13	-2.1	-0.45	-2.23
188.501	0.3	-1.44	-2.07	-0.68	-1.71
188.502	0.3	-1.71	-1.99	-0.97	-1.17
188.503	0.3	-1.94	-1.87	-1.31	-0.62
188.504	0.3	-2.11	-1.72	-1.68	-0.1
188.505	0.3	-2.22	-1.55	-2.04	0.35
188.506	0.3	-2.26	-1.36	-2.37	0.73
188.507	0.3	-2.24	-1.16	-2.65	1.01
188.508	0.3	-2.16	-0.95	-2.86	1.18
188.509	0.3	-2.05	-0.76	-2.97	1.24
188.51	0.31	-1.92	-0.58	-2.97	1.19
188.511	0.31	-1.77	-0.42	-2.87	1.06
188.512	0.31	-1.63	-0.29	-2.67	0.86
188.513	0.31	-1.51	-0.2	-2.36	0.61
188.514	0.31	-1.43	-0.16	-1.99	0.35
188.515	0.31	-1.4	-0.16	-1.55	0.09
188.516	0.31	-1.43	-0.22	-1.09	-0.13
188.517	0.31	-1.51	-0.33	-0.62	-0.28
188.518	0.31	-1.66	-0.48	-0.17	-0.37
188.519	0.31	-1.87	-0.68	0.22	-0.37
188.52	0.3	-2.12	-0.91	0.54	-0.29
188.521	0.3	-2.43	-1.17	0.77	-0.13
188.522	0.3	-2.76	-1.44	0.9	0.09
188.523	0.29	-3.11	-1.71	0.92	0.35
188.524	0.29	-3.45	-1.96	0.84	0.64
188.525	0.29	-3.78	-2.17	0.66	0.91
188.526	0.28	-4.08	-2.33	0.4	1.15
188.527	0.28	-4.32	-2.43	0.07	1.33
188.528	0.28	-4.5	-2.45	-0.3	1.42
188.529	0.28	-4.59	-2.39	-0.68	1.42
188.53	0.28	-4.6	-2.25	-1.07	1.32
188.531	0.28	-4.51	-2.02	-1.42	1.11
188.532	0.29	-4.33	-1.73	-1.73	0.81
188.533	0.29	-4.05	-1.37	-1.98	0.41
188.534	0.29	-3.68	-0.96	-2.16	-0.05
188.535	0.3	-3.23	-0.53	-2.26	-0.55
188.536	0.3	-2.71	-0.09	-2.29	-1.07
188.537	0.3	-2.13	0.33	-2.25	-1.58
188.538	0.3	-1.53	0.71	-2.14	-2.07
188.539	0.3	-0.91	1.04	-1.98	-2.52
188.54	0.3	-0.31	1.29	-1.78	-2.9
188.541	0.3	0.27	1.45	-1.57	-3.22
188.542	0.3	0.78	1.52	-1.34	-3.47
188.543	0.3	1.22	1.49	-1.12	-3.65
188.544	0.3	1.56	1.36	-0.92	-3.78
188.545	0.3	1.79	1.14	-0.75	-3.86
188.546	0.29	1.91	0.85	-0.61	-3.92
188.547	0.29	1.91	0.5	-0.5	-3.96
188.548	0.29	1.78	0.11	-0.44	-4
188.549	0.29	1.54	-0.32	-0.41	-4.04
188.55	0.29	1.2	-0.75	-0.41	-4.1
188.551	0.29	0.77	-1.17	-0.45	-4.16
188.552	0.29	0.27	-1.56	-0.5	-4.24
188.553	0.29	-0.26	-1.92	-0.58	-4.3
188.554	0.29	-0.81	-2.23	-0.66	-4.34
188.555	0.29	-1.34	-2.49	-0.75	-4.35
188.556	0.29	-1.84	-2.71	-0.85	-4.31
188.557	0.3	-2.27	-2.87	-0.94	-4.2
188.558	0.3	-2.61	-2.99	-1.03	-4
188.559	0.3	-2.85	-3.06	-1.12	-3.71
188.56	0.3	-2.97	-3.11	-1.19	-3.32
188.561	0.3	-2.97	-3.13	-1.26	-2.84
188.562	0.3	-2.84	-3.14	-1.31	-2.28
188.563	0.3	-2.59	-3.12	-1.34	-1.64
188.564	0.3	-2.22	-3.09	-1.35	-0.96
188.565	0.3	-1.76	-3.04	-1.33	-0.27
188.566	0.3	-1.22	-2.97	-1.29	0.42
188.567	0.3	-0.62	-2.87	-1.22	1.08
188.568	0.29	0.02	-2.73	-1.12	1.66
188.569	0.29	0.67	-2.54	-0.98	2.16
188.57	0.29	1.32	-2.29	-0.8	2.54
188.571	0.29	1.93	-1.98	-0.59	2.81
188.572	0.29	2.49	-1.59	-0.36	2.96
188.573	0.29	2.98	-1.14	-0.09	2.98
188.574	0.29	3.4	-0.61	0.18	2.89
188.575	0.29	3.73	-0.01	0.46	2.7
188.576	0.29	3.97	0.64	0.74	2.44
188.577	0.3	4.13	1.33	1	2.13
188.578	0.3	4.2	2.03	1.22	1.8
188.579	0.3	4.18	2.73	1.41	1.47
188.58	0.3	4.09	3.39	1.54	1.16
188.581	0.3	3.95	3.99	1.62	0.89
188.582	0.3	3.75	4.51	1.63	0.68
188.583	0.3	3.51	4.91	1.59	0.54
188.584	0.3	3.23	5.18	1.47	0.47
188.585	0.3	2.94	5.3	1.3	0.45
188.586	0.3	2.64	5.27	1.08	0.5
188.587	0.3	2.34	5.09	0.83	0.59
188.588	0.3	2.05	4.76	0.56	0.72
188.589	0.3	1.77	4.3	0.28	0.86
188.59	0.29	1.51	3.73	0.01	1.01
188.591	0.29	1.27	3.09	-0.23	1.15
188.592	0.29	1.07	2.41	-0.43	1.28
188.593	0.29	0.89	1.72	-0.57	1.4
188.594	0.29	0.75	1.07	-0.65	1.49
188.595	0.29	0.64	0.5	-0.65	1.57
188.596	0.29	0.56	0.03	-0.59	1.63
188.597	0.29	0.52	-0.3	-0.45	1.69
188.598	0.29	0.51	-0.48	-0.25	1.76
188.599	0.29	0.52	-0.48	0.01	1.84
188.6	0.29	0.56	-0.32	0.31	1.95
188.601	0.29	0.62	0	0.64	2.08
188.602	0.29	0.69	0.46	0.98	2.25
188.603	0.29	0.78	1.03	1.32	2.46
188.604	0.29	0.87	1.67	1.64	2.7
188.605	0.29	0.96	2.34	1.92	2.96
188.606	0.29	1.05	3.01	2.16	3.25
188.607	0.29	1.13	3.62	2.33	3.55
188.608	0.29	1.22	4.13	2.44	3.85
188.609	0.29	1.3	4.5	2.48	4.15
188.61	0.29	1.39	4.71	2.46	4.43
188.611	0.29	1.49	4.74	2.37	4.69
188.612	0.29	1.61	4.57	2.23	4.92
188.613	0.29	1.75	4.22	2.05	5.12
188.614	0.29	1.93	3.69	1.84	5.29
188.615	0.29	2.14	3.02	1.62	5.42
188.616	0.29	2.39	2.24	1.41	5.53
188.617	0.29	2.69	1.38	1.23	5.6
188.618	0.29	3.03	0.5	1.09	5.65
188.619	0.29	3.41	-0.35	1	5.68
188.62	0.29	3.82	-1.14	0.99	5.68
188.621	0.29	4.24	-1.82	1.04	5.66
188.622	0.29	4.67	-2.35	1.17	5.62
188.623	0.29	5.08	-2.71	1.38	5.55
188.624	0.29	5.46	-2.88	1.66	5.44
188.625	0.29	5.78	-2.86	1.99	5.3
188.626	0.29	6.03	-2.67	2.37	5.12
188.627	0.29	6.19	-2.31	2.76	4.9
188.628	0.29	6.26	-1.82	3.16	4.63
188.629	0.29	6.21	-1.24	3.53	4.32
188.63	0.29	6.06	-0.59	3.86	3.97
188.631	0.29	5.81	0.07	4.12	3.59
188.632	0.29	5.47	0.7	4.3	3.19
188.633	0.29	5.06	1.28	4.37	2.79
188.634	0.29	4.6	1.77	4.32	2.4
188.635	0.29	4.12	2.14	4.16	2.03
188.636	0.29	3.63	2.39	3.89	1.72
188.637	0.29	3.18	2.52	3.51	1.46
188.638	0.29	2.78	2.53	3.04	1.27
188.639	0.29	2.45	2.44	2.5	1.18
188.64	0.29	2.22	2.28	1.92	1.17
188.641	0.29	2.08	2.07	1.32	1.25
188.642	0.29	2.04	1.84	0.73	1.41
188.643	0.29	2.11	1.62	0.18	1.63
188.644	0.29	2.26	1.45	-0.3	1.9
188.645	0.29	2.49	1.35	-0.7	2.21
188.646	0.29	2.77	1.34	-0.99	2.51
188.647	0.29	3.07	1.42	-1.17	2.78
188.648	0.29	3.38	1.61	-1.23	3.01
188.649	0.29	3.68	1.88	-1.18	3.16
188.65	0.29	3.94	2.23	-1.04	3.21
188.651	0.29	4.15	2.64	-0.81	3.16
188.652	0.29	4.31	3.09	-0.53	2.98
188.653	0.29	4.4	3.54	-0.22	2.69
188.654	0.29	4.43	3.95	0.09	2.3
188.655	0.29	4.42	4.31	0.38	1.81
188.656	0.29	4.38	4.6	0.61	1.24
188.657	0.29	4.31	4.79	0.76	0.63
188.658	0.29	4.23	4.88	0.82	0.01
188.659	0.29	4.16	4.84	0.79	-0.6
188.66	0.29	4.11	4.7	0.65	-1.15
188.661	0.29	4.08	4.47	0.43	-1.62
188.662	0.29	4.09	4.15	0.12	-1.99
188.663	0.29	4.11	3.77	-0.25	-2.22
188.664	0.29	4.14	3.35	-0.66	-2.31
188.665	0.29	4.17	2.92	-1.07	-2.26
188.666	0.29	4.19	2.49	-1.47	-2.05
188.667	0.29	4.16	2.1	-1.83	-1.72
188.668	0.29	4.07	1.75	-2.12	-1.26
188.669	0.29	3.9	1.46	-2.33	-0.72
188.67	0.29	3.64	1.23	-2.44	-0.11
188.671	0.29	3.28	1.07	-2.45	0.53
188.672	0.29	2.83	0.96	-2.37	1.16
188.673	0.29	2.28	0.89	-2.19	1.76
188.674	0.29	1.66	0.86	-1.94	2.29
188.675	0.29	0.99	0.84	-1.63	2.73
188.676	0.29	0.31	0.82	-1.28	3.05
188.677	0.29	-0.36	0.79	-0.92	3.25
188.678	0.29	-0.99	0.72	-0.56	3.32
188.679	0.29	-1.54	0.62	-0.22	3.25
188.68	0.29	-1.98	0.48	0.08	3.07
188.681	0.29	-2.29	0.3	0.34	2.79
188.682	0.29	-2.47	0.09	0.54	2.42
188.683	0.29	-2.5	-0.16	0.69	2
188.684	0.29	-2.4	-0.41	0.79	1.54
188.685	0.29	-2.19	-0.67	0.86	1.08
188.686	0.29	-1.89	-0.91	0.9	0.65
188.687	0.29	-1.54	-1.13	0.93	0.26
188.688	0.29	-1.18	-1.31	0.95	-0.06
188.689	0.29	-0.83	-1.44	0.98	-0.31
188.69	0.29	-0.54	-1.52	1.02	-0.47
188.691	0.29	-0.33	-1.55	1.08	-0.54
188.692	0.29	-0.23	-1.52	1.15	-0.54
188.693	0.29	-0.24	-1.45	1.22	-0.46
188.694	0.29	-0.35	-1.34	1.28	-0.33
188.695	0.29	-0.57	-1.22	1.33	-0.17
188.696	0.29	-0.86	-1.08	1.34	0.01
188.697	0.29	-1.19	-0.94	1.3	0.19
188.698	0.29	-1.52	-0.81	1.19	0.34
188.699	0.29	-1.81	-0.7	1.01	0.45
188.7	0.29	-2.01	-0.62	0.75	0.51
188.701	0.29	-2.1	-0.57	0.41	0.51
188.702	0.3	-2.05	-0.54	-0.01	0.45
188.703	0.3	-1.84	-0.53	-0.5	0.32
188.704	0.3	-1.47	-0.54	-1.03	0.15
188.705	0.3	-0.95	-0.56	-1.58	-0.06
188.706	0.3	-0.3	-0.57	-2.13	-0.3
188.707	0.3	0.43	-0.57	-2.65	-0.54
188.708	0.3	1.2	-0.55	-3.12	-0.78
188.709	0.3	1.95	-0.52	-3.5	-0.98
188.71	0.3	2.62	-0.45	-3.78	-1.15
188.711	0.3	3.17	-0.36	-3.94	-1.26
188.712	0.3	3.55	-0.26	-3.98	-1.31
188.713	0.3	3.71	-0.14	-3.89	-1.29
188.714	0.3	3.65	-0.02	-3.69	-1.21
188.715	0.3	3.34	0.08	-3.38	-1.08
188.716	0.3	2.8	0.16	-2.99	-0.89
188.717	0.3	2.07	0.22	-2.55	-0.68
188.718	0.3	1.18	0.23	-2.08	-0.45
188.719	0.3	0.2	0.2	-1.61	-0.21
188.72	0.3	-0.82	0.12	-1.17	0.02
188.721	0.3	-1.8	0	-0.78	0.22
188.722	0.3	-2.68	-0.16	-0.46	0.38
188.723	0.3	-3.38	-0.34	-0.23	0.49
188.724	0.3	-3.86	-0.52	-0.08	0.56
188.725	0.3	-4.07	-0.7	-0.02	0.57
188.726	0.3	-4.01	-0.85	-0.04	0.54
188.727	0.31	-3.65	-0.95	-0.14	0.46
188.728	0.31	-3.03	-1	-0.28	0.34
188.729	0.31	-2.16	-0.99	-0.47	0.2
188.73	0.31	-1.12	-0.89	-0.66	0.04
188.731	0.31	0.04	-0.73	-0.86	-0.14
188.732	0.31	1.25	-0.5	-1.03	-0.32
188.733	0.31	2.44	-0.21	-1.18	-0.5
188.734	0.31	3.53	0.12	-1.28	-0.67
188.735	0.3	4.45	0.46	-1.34	-0.84
188.736	0.3	5.15	0.8	-1.36	-1.01
188.737	0.3	5.6	1.11	-1.34	-1.18
188.738	0.3	5.76	1.36	-1.29	-1.35
188.739	0.3	5.65	1.53	-1.21	-1.53
188.74	0.3	5.27	1.61	-1.13	-1.71
188.741	0.3	4.65	1.59	-1.04	-1.91
188.742	0.3	3.85	1.45	-0.96	-2.12
188.743	0.31	2.93	1.21	-0.89	-2.33
188.744	0.31	1.93	0.87	-0.84	-2.54
188.745	0.31	0.95	0.44	-0.79	-2.74
188.746	0.31	0.03	-0.04	-0.76	-2.92
188.747	0.31	-0.75	-0.57	-0.73	-3.07
188.748	0.31	-1.36	-1.09	-0.7	-3.17
188.749	0.32	-1.76	-1.6	-0.65	-3.21
188.75	0.32	-1.93	-2.05	-0.58	-3.18
188.751	0.32	-1.87	-2.43	-0.48	-3.08
188.752	0.32	-1.58	-2.71	-0.36	-2.9
188.753	0.32	-1.1	-2.87	-0.2	-2.64
188.754	0.32	-0.46	-2.92	-0.01	-2.32
188.755	0.32	0.29	-2.84	0.2	-1.93
188.756	0.32	1.09	-2.64	0.42	-1.5
188.757	0.32	1.9	-2.34	0.64	-1.05
188.758	0.31	2.66	-1.96	0.86	-0.6
188.759	0.31	3.32	-1.5	1.05	-0.17
188.76	0.31	3.86	-1.01	1.2	0.22
188.761	0.31	4.23	-0.49	1.32	0.54
188.762	0.31	4.43	0.01	1.38	0.79
188.763	0.31	4.45	0.48	1.39	0.93
188.764	0.31	4.3	0.9	1.35	0.97
188.765	0.31	4.01	1.24	1.26	0.9
188.766	0.31	3.6	1.51	1.13	0.74
188.767	0.31	3.1	1.69	0.98	0.48
188.768	0.31	2.56	1.77	0.81	0.14
188.769	0.31	2.01	1.76	0.64	-0.25
188.77	0.31	1.49	1.66	0.49	-0.68
188.771	0.31	1.04	1.48	0.35	-1.11
188.772	0.31	0.66	1.24	0.25	-1.52
188.773	0.31	0.39	0.93	0.19	-1.89
188.774	0.31	0.23	0.57	0.16	-2.2
188.775	0.31	0.17	0.17	0.17	-2.42
188.776	0.32	0.21	-0.25	0.21	-2.55
188.777	0.32	0.34	-0.69	0.27	-2.57
188.778	0.32	0.51	-1.13	0.34	-2.49
188.779	0.32	0.72	-1.58	0.41	-2.3
188.78	0.32	0.94	-2.01	0.48	-2.03
188.781	0.32	1.13	-2.43	0.53	-1.67
188.782	0.32	1.29	-2.82	0.57	-1.26
188.783	0.32	1.38	-3.17	0.57	-0.81
188.784	0.32	1.41	-3.49	0.56	-0.34
188.785	0.32	1.37	-3.76	0.53	0.13
188.786	0.32	1.26	-3.98	0.49	0.57
188.787	0.32	1.08	-4.13	0.44	0.96
188.788	0.32	0.86	-4.23	0.4	1.29
188.789	0.32	0.61	-4.25	0.37	1.55
188.79	0.33	0.35	-4.21	0.37	1.73
188.791	0.33	0.09	-4.11	0.39	1.82
188.792	0.33	-0.14	-3.94	0.44	1.82
188.793	0.33	-0.34	-3.73	0.51	1.74
188.794	0.33	-0.51	-3.48	0.61	1.59
188.795	0.33	-0.62	-3.2	0.72	1.37
188.796	0.33	-0.71	-2.91	0.84	1.11
188.797	0.34	-0.76	-2.62	0.95	0.81
188.798	0.34	-0.8	-2.36	1.03	0.49
188.799	0.34	-0.85	-2.14	1.08	0.17
188.8	0.35	-0.91	-1.96	1.09	-0.15
188.801	0.35	-1.01	-1.84	1.04	-0.44
188.802	0.35	-1.16	-1.79	0.95	-0.7
188.803	0.35	-1.37	-1.8	0.8	-0.93
188.804	0.35	-1.64	-1.88	0.6	-1.11
188.805	0.36	-1.95	-2	0.36	-1.25
188.806	0.36	-2.32	-2.17	0.1	-1.36
188.807	0.35	-2.7	-2.36	-0.18	-1.42
188.808	0.35	-3.07	-2.56	-0.46	-1.46
188.809	0.35	-3.41	-2.75	-0.73	-1.48
188.81	0.35	-3.68	-2.9	-0.97	-1.49
188.811	0.34	-3.85	-3.01	-1.18	-1.5
188.812	0.34	-3.89	-3.05	-1.35	-1.51
188.813	0.33	-3.78	-3.02	-1.49	-1.54
188.814	0.32	-3.51	-2.92	-1.58	-1.59
188.815	0.32	-3.07	-2.74	-1.65	-1.66
188.816	0.31	-2.47	-2.5	-1.7	-1.77
188.817	0.31	-1.74	-2.21	-1.74	-1.9
188.818	0.3	-0.89	-1.87	-1.79	-2.05
188.819	0.3	0.03	-1.52	-1.84	-2.22
188.82	0.3	0.98	-1.18	-1.91	-2.39
188.821	0.3	1.92	-0.86	-2.01	-2.57
188.822	0.3	2.78	-0.59	-2.14	-2.74
188.823	0.3	3.53	-0.39	-2.27	-2.89
188.824	0.31	4.13	-0.26	-2.42	-3
188.825	0.31	4.54	-0.22	-2.55	-3.06
188.826	0.32	4.76	-0.26	-2.66	-3.08
188.827	0.32	4.77	-0.38	-2.73	-3.04
188.828	0.32	4.58	-0.57	-2.74	-2.93
188.829	0.33	4.21	-0.81	-2.67	-2.75
188.83	0.33	3.7	-1.09	-2.51	-2.5
188.831	0.33	3.08	-1.37	-2.27	-2.19
188.832	0.33	2.39	-1.63	-1.93	-1.81
188.833	0.33	1.7	-1.85	-1.51	-1.37
188.834	0.33	1.03	-2	-1.01	-0.87
188.835	0.33	0.43	-2.08	-0.47	-0.33
188.836	0.32	-0.05	-2.06	0.09	0.24
188.837	0.32	-0.4	-1.94	0.65	0.83
188.838	0.32	-0.61	-1.73	1.18	1.43
188.839	0.32	-0.68	-1.43	1.64	2.02
188.84	0.31	-0.61	-1.05	2.01	2.6
188.841	0.31	-0.43	-0.62	2.28	3.14
188.842	0.31	-0.17	-0.16	2.42	3.63
188.843	0.31	0.14	0.32	2.44	4.05
188.844	0.31	0.46	0.78	2.34	4.39
188.845	0.31	0.75	1.2	2.12	4.63
188.846	0.32	0.98	1.56	1.82	4.77
188.847	0.32	1.14	1.86	1.45	4.8
188.848	0.32	1.19	2.08	1.04	4.71
188.849	0.32	1.14	2.21	0.62	4.49
188.85	0.32	1	2.26	0.23	4.15
188.851	0.32	0.76	2.25	-0.12	3.7
188.852	0.32	0.45	2.17	-0.39	3.15
188.853	0.32	0.11	2.06	-0.58	2.52
188.854	0.32	-0.25	1.92	-0.67	1.84
188.855	0.32	-0.58	1.79	-0.67	1.12
188.856	0.31	-0.87	1.67	-0.59	0.41
188.857	0.31	-1.08	1.58	-0.45	-0.27
188.858	0.31	-1.21	1.53	-0.26	-0.88
188.859	0.31	-1.23	1.53	-0.04	-1.39
188.86	0.3	-1.15	1.57	0.17	-1.76
188.861	0.3	-0.98	1.66	0.35	-1.99
188.862	0.3	-0.73	1.78	0.48	-2.05
188.863	0.3	-0.42	1.92	0.55	-1.94
188.864	0.3	-0.08	2.06	0.55	-1.64
188.865	0.31	0.27	2.17	0.47	-1.19
188.866	0.31	0.61	2.25	0.31	-0.59
188.867	0.31	0.9	2.27	0.1	0.12
188.868	0.31	1.14	2.22	-0.16	0.9
188.869	0.31	1.3	2.08	-0.44	1.73
188.87	0.32	1.39	1.86	-0.71	2.54
188.871	0.32	1.4	1.56	-0.97	3.31
188.872	0.32	1.35	1.18	-1.18	3.98
188.873	0.32	1.24	0.73	-1.33	4.51
188.874	0.32	1.09	0.23	-1.4	4.87
188.875	0.31	0.93	-0.28	-1.38	5.06
188.876	0.31	0.76	-0.8	-1.29	5.05
188.877	0.31	0.62	-1.3	-1.12	4.84
188.878	0.31	0.51	-1.74	-0.88	4.45
188.879	0.3	0.44	-2.11	-0.59	3.9
188.88	0.3	0.43	-2.38	-0.28	3.23
188.881	0.3	0.48	-2.56	0.04	2.46
188.882	0.3	0.58	-2.62	0.35	1.65
188.883	0.3	0.74	-2.56	0.62	0.84
188.884	0.3	0.93	-2.4	0.85	0.06
188.885	0.31	1.16	-2.14	1.01	-0.64
188.886	0.31	1.41	-1.79	1.1	-1.23
188.887	0.31	1.67	-1.38	1.12	-1.69
188.888	0.31	1.93	-0.93	1.07	-2
188.889	0.31	2.17	-0.46	0.95	-2.16
188.89	0.31	2.41	0	0.79	-2.19
188.891	0.31	2.62	0.43	0.58	-2.08
188.892	0.31	2.82	0.81	0.35	-1.88
188.893	0.31	2.99	1.13	0.11	-1.6
188.894	0.31	3.14	1.37	-0.13	-1.28
188.895	0.31	3.26	1.53	-0.36	-0.95
188.896	0.3	3.36	1.61	-0.57	-0.65
188.897	0.3	3.44	1.6	-0.75	-0.4
188.898	0.3	3.48	1.52	-0.9	-0.23
188.899	0.29	3.49	1.38	-1.03	-0.13
188.9	0.29	3.46	1.2	-1.12	-0.12
188.901	0.29	3.39	0.98	-1.18	-0.2
188.902	0.29	3.27	0.76	-1.22	-0.35
188.903	0.3	3.1	0.55	-1.23	-0.57
188.904	0.3	2.87	0.36	-1.22	-0.82
188.905	0.31	2.59	0.21	-1.18	-1.09
188.906	0.31	2.27	0.12	-1.12	-1.34
188.907	0.32	1.9	0.09	-1.03	-1.57
188.908	0.33	1.51	0.12	-0.91	-1.75
188.909	0.33	1.1	0.22	-0.75	-1.86
188.91	0.33	0.69	0.39	-0.56	-1.91
188.911	0.34	0.3	0.62	-0.33	-1.9
188.912	0.34	-0.06	0.91	-0.06	-1.83
188.913	0.34	-0.38	1.24	0.23	-1.72
188.914	0.34	-0.64	1.59	0.55	-1.58
188.915	0.33	-0.83	1.96	0.89	-1.44
188.916	0.33	-0.96	2.33	1.23	-1.33
