187.917007 0.310000 2.660000 -1.500000 -2.020000 1.790000
187.917999 0.310000 2.700000 -1.680000 -1.730000 1.850000
187.919006 0.310000 2.840000 -1.720000 -1.350000 1.890000
187.919998 0.320000 3.080000 -1.590000 -0.910000 1.900000
187.921005 0.320000 3.400000 -1.300000 -0.450000 1.870000
187.921997 0.330000 3.810000 -0.860000 0.000000 1.790000
187.923004 0.330000 4.250000 -0.280000 0.390000 1.670000
187.923996 0.340000 4.720000 0.390000 0.710000 1.500000
187.925003 0.340000 5.170000 1.110000 0.930000 1.300000
187.925995 0.350000 5.580000 1.830000 1.040000 1.070000
187.927002 0.350000 5.920000 2.500000 1.020000 0.840000
187.927994 0.350000 6.150000 3.070000 0.890000 0.620000
187.929001 0.350000 6.250000 3.500000 0.670000 0.430000
187.929993 0.350000 6.200000 3.760000 0.370000 0.300000
187.931000 0.340000 6.000000 3.820000 0.010000 0.250000
187.932007 0.340000 5.640000 3.690000 -0.360000 0.280000
187.932999 0.340000 5.120000 3.370000 -0.730000 0.400000
187.934006 0.340000 4.480000 2.880000 -1.060000 0.620000
187.934998 0.330000 3.710000 2.290000 -1.320000 0.930000
187.936005 0.340000 2.870000 1.620000 -1.500000 1.330000
187.936996 0.340000 1.970000 0.940000 -1.600000 1.780000
187.938004 0.350000 1.050000 0.310000 -1.610000 2.260000
187.938995 0.360000 0.150000 -0.220000 -1.530000 2.740000
187.940002 0.380000 -0.680000 -0.600000 -1.380000 3.180000
187.940994 0.400000 -1.430000 -0.780000 -1.180000 3.550000
187.942001 0.420000 -2.070000 -0.760000 -0.950000 3.830000
187.942993 0.450000 -2.570000 -0.530000 -0.720000 3.970000
187.944000 0.480000 -2.910000 -0.090000 -0.510000 3.960000
187.945007 0.510000 -3.100000 0.500000 -0.330000 3.800000
187.945999 0.540000 -3.130000 1.220000 -0.220000 3.470000
187.947006 0.560000 -3.010000 2.000000 -0.170000 3.000000
187.947998 0.590000 -2.760000 2.780000 -0.200000 2.400000
187.949005 0.600000 -2.390000 3.470000 -0.290000 1.700000
187.949997 0.620000 -1.930000 4.030000 -0.450000 0.940000
187.951004 0.620000 -1.410000 4.390000 -0.640000 0.170000
187.951996 0.630000 -0.850000 4.500000 -0.860000 -0.570000
187.953003 0.620000 -0.300000 4.350000 -1.090000 -1.230000
187.953995 0.610000 0.220000 3.920000 -1.300000 -1.780000
187.955002 0.590000 0.690000 3.220000 -1.480000 -2.180000
187.955994 0.570000 1.080000 2.290000 -1.610000 -2.400000
187.957001 0.540000 1.380000 1.160000 -1.680000 -2.450000
187.957993 0.510000 1.560000 -0.080000 -1.690000 -2.310000
187.959000 0.480000 1.620000 -1.380000 -1.640000 -2.000000
187.960007 0.450000 1.560000 -2.650000 -1.540000 -1.560000
187.960999 0.420000 1.390000 -3.830000 -1.400000 -1.020000
187.962006 0.380000 1.100000 -4.850000 -1.240000 -0.430000
187.962997 0.350000 0.710000 -5.650000 -1.080000 0.160000
187.964005 0.330000 0.250000 -6.180000 -0.930000 0.710000
187.964996 0.300000 -0.270000 -6.440000 -0.820000 1.160000
187.966003 0.280000 -0.810000 -6.420000 -0.760000 1.460000
187.966995 0.260000 -1.360000 -6.140000 -0.770000 1.600000
187.968002 0.250000 -1.900000 -5.640000 -0.830000 1.540000
187.968994 0.240000 -2.390000 -4.950000 -0.960000 1.300000
187.970001 0.230000 -2.810000 -4.150000 -1.140000 0.870000
187.970993 0.220000 -3.140000 -3.300000 -1.370000 0.280000
187.972000 0.210000 -3.360000 -2.460000 -1.630000 -0.430000
187.973007 0.200000 -3.490000 -1.690000 -1.900000 -1.220000
187.973999 0.200000 -3.490000 -1.030000 -2.160000 -2.020000
187.975006 0.190000 -3.380000 -0.540000 -2.380000 -2.790000
187.975998 0.180000 -3.160000 -0.220000 -2.560000 -3.470000
187.977005 0.180000 -2.850000 -0.080000 -2.680000 -4.000000
187.977997 0.170000 -2.480000 -0.100000 -2.730000 -4.360000
187.979004 0.170000 -2.070000 -0.260000 -2.710000 -4.510000
187.979996 0.170000 -1.640000 -0.520000 -2.610000 -4.430000
187.981003 0.170000 -1.240000 -0.820000 -2.450000 -4.140000
187.981995 0.170000 -0.890000 -1.130000 -2.240000 -3.650000
187.983002 0.170000 -0.630000 -1.400000 -2.000000 -2.980000
187.983994 0.170000 -0.490000 -1.570000 -1.740000 -2.190000
187.985001 0.180000 -0.500000 -1.610000 -1.490000 -1.330000
187.985992 0.190000 -0.670000 -1.510000 -1.270000 -0.460000
187.987000 0.190000 -1.020000 -1.260000 -1.090000 0.380000
187.988007 0.200000 -1.550000 -0.870000 -0.980000 1.120000
187.988998 0.220000 -2.260000 -0.370000 -0.950000 1.710000
187.990005 0.230000 -3.130000 0.220000 -0.990000 2.130000
187.990997 0.240000 -4.140000 0.860000 -1.120000 2.340000
187.992004 0.250000 -5.260000 1.480000 -1.330000 2.340000
187.992996 0.260000 -6.450000 2.030000 -1.620000 2.140000
187.994003 0.280000 -7.660000 2.470000 -1.970000 1.750000
187.994995 0.290000 -8.840000 2.750000 -2.370000 1.200000
187.996002 0.300000 -9.940000 2.850000 -2.790000 0.550000
187.996994 0.300000 -10.930000 2.750000 -3.230000 -0.180000
187.998001 0.310000 -11.730000 2.430000 -3.660000 -0.920000
187.998993 0.320000 -12.320000 1.920000 -4.070000 -1.630000
188.000000 0.320000 -12.660000 1.220000 -4.430000 -2.260000
188.001007 0.330000 -12.760000 0.390000 -4.740000 -2.780000
188.001999 0.330000 -12.570000 -0.540000 -4.990000 -3.170000
188.003006 0.340000 -12.110000 -1.530000 -5.160000 -3.410000
188.003998 0.340000 -11.380000 -2.510000 -5.260000 -3.490000
188.005005 0.340000 -10.430000 -3.440000 -5.270000 -3.430000
188.005997 0.350000 -9.290000 -4.280000 -5.210000 -3.250000
188.007004 0.350000 -7.990000 -5.000000 -5.080000 -2.970000
188.007996 0.350000 -6.570000 -5.570000 -4.870000 -2.620000
188.009003 0.350000 -5.100000 -5.960000 -4.600000 -2.240000
188.009995 0.360000 -3.640000 -6.200000 -4.280000 -1.860000
188.011002 0.360000 -2.220000 -6.270000 -3.920000 -1.520000
188.011993 0.360000 -0.880000 -6.210000 -3.520000 -1.230000
188.013000 0.360000 0.340000 -6.010000 -3.090000 -1.000000
188.014008 0.360000 1.420000 -5.720000 -2.630000 -0.860000
188.014999 0.360000 2.350000 -5.360000 -2.170000 -0.790000
188.016006 0.360000 3.130000 -4.950000 -1.710000 -0.790000
188.016998 0.360000 3.770000 -4.510000 -1.250000 -0.850000
188.018005 0.360000 4.290000 -4.040000 -0.800000 -0.940000
188.018997 0.360000 4.720000 -3.550000 -0.370000 -1.030000
188.020004 0.360000 5.100000 -3.050000 0.030000 -1.100000
188.020996 0.360000 5.460000 -2.530000 0.410000 -1.140000
188.022003 0.360000 5.840000 -1.960000 0.750000 -1.130000
188.022995 0.360000 6.260000 -1.350000 1.060000 -1.040000
188.024002 0.360000 6.740000 -0.660000 1.320000 -0.880000
188.024994 0.360000 7.310000 0.100000 1.550000 -0.650000
188.026001 0.360000 7.970000 0.940000 1.730000 -0.360000
188.026993 0.370000 8.700000 1.860000 1.870000 -0.010000
188.028000 0.370000 9.480000 2.850000 1.970000 0.370000
188.029007 0.370000 10.270000 3.880000 2.020000 0.750000
188.029999 0.370000 11.030000 4.930000 2.050000 1.130000
188.031006 0.370000 11.730000 5.970000 2.040000 1.460000
188.031998 0.370000 12.310000 6.950000 2.020000 1.740000
188.033005 0.370000 12.720000 7.820000 1.980000 1.950000
188.033997 0.370000 12.900000 8.530000 1.930000 2.070000
188.035004 0.370000 12.850000 9.060000 1.890000 2.110000
188.035995 0.370000 12.530000 9.380000 1.850000 2.070000
188.037003 0.370000 11.940000 9.450000 1.830000 1.950000
188.037994 0.370000 11.080000 9.270000 1.830000 1.780000
188.039001 0.370000 9.980000 8.840000 1.850000 1.570000
188.039993 0.370000 8.670000 8.180000 1.900000 1.330000
188.041000 0.370000 7.230000 7.330000 1.980000 1.100000
188.042007 0.370000 5.690000 6.330000 2.080000 0.880000
188.042999 0.370000 4.120000 5.220000 2.210000 0.710000
188.044006 0.370000 2.610000 4.060000 2.340000 0.600000
188.044998 0.370000 1.220000 2.920000 2.490000 0.550000
188.046005 0.370000 0.000000 1.850000 2.620000 0.580000
188.046997 0.370000 -0.990000 0.900000 2.740000 0.680000
188.048004 0.370000 -1.750000 0.100000 2.830000 0.860000
188.048996 0.380000 -2.230000 -0.510000 2.880000 1.100000
188.050003 0.380000 -2.440000 -0.910000 2.870000 1.390000
188.050995 0.380000 -2.400000 -1.110000 2.810000 1.730000
188.052002 0.380000 -2.150000 -1.120000 2.680000 2.090000
188.052994 0.380000 -1.760000 -0.980000 2.470000 2.450000
188.054001 0.380000 -1.270000 -0.700000 2.200000 2.790000
188.054993 0.380000 -0.740000 -0.340000 1.860000 3.120000
188.056000 0.380000 -0.260000 0.060000 1.460000 3.400000
188.057007 0.380000 0.120000 0.450000 1.020000 3.630000
188.057999 0.380000 0.310000 0.780000 0.550000 3.780000
188.059006 0.380000 0.300000 1.030000 0.060000 3.860000
188.059998 0.380000 0.040000 1.160000 -0.420000 3.840000
188.061005 0.380000 -0.480000 1.160000 -0.870000 3.740000
188.061996 0.380000 -1.280000 1.020000 -1.280000 3.540000
188.063004 0.370000 -2.320000 0.730000 -1.640000 3.220000
188.063995 0.370000 -3.570000 0.320000 -1.930000 2.800000
188.065002 0.370000 -4.990000 -0.190000 -2.130000 2.280000
188.065994 0.370000 -6.520000 -0.770000 -2.250000 1.660000
188.067001 0.370000 -8.100000 -1.400000 -2.290000 0.940000
188.067993 0.370000 -9.660000 -2.060000 -2.260000 0.130000
188.069000 0.370000 -11.130000 -2.710000 -2.150000 -0.760000
188.070007 0.370000 -12.460000 -3.320000 -2.000000 -1.710000
188.070999 0.370000 -13.600000 -3.890000 -1.810000 -2.700000
188.072006 0.370000 -14.520000 -4.410000 -1.610000 -3.730000
188.072998 0.370000 -15.180000 -4.870000 -1.410000 -4.750000
188.074005 0.370000 -15.570000 -5.280000 -1.230000 -5.760000
188.074997 0.370000 -15.700000 -5.650000 -1.100000 -6.720000
188.076004 0.370000 -15.580000 -5.980000 -1.010000 -7.610000
188.076996 0.370000 -15.240000 -6.310000 -0.990000 -8.410000
188.078003 0.370000 -14.680000 -6.630000 -1.040000 -9.090000
188.078995 0.370000 -13.960000 -6.960000 -1.150000 -9.630000
188.080002 0.370000 -13.110000 -7.300000 -1.320000 -10.030000
188.080994 0.370000 -12.190000 -7.650000 -1.540000 -10.280000
188.082001 0.380000 -11.210000 -8.020000 -1.790000 -10.370000
188.082993 0.380000 -10.200000 -8.370000 -2.070000 -10.300000
188.084000 0.380000 -9.190000 -8.700000 -2.350000 -10.070000
188.085007 0.380000 -8.210000 -9.000000 -2.620000 -9.710000
188.085999 0.380000 -7.270000 -9.240000 -2.860000 -9.240000
188.087006 0.380000 -6.370000 -9.400000 -3.050000 -8.670000
188.087997 0.380000 -5.490000 -9.460000 -3.180000 -8.030000
188.089005 0.380000 -4.660000 -9.400000 -3.250000 -7.340000
188.089996 0.390000 -3.860000 -9.220000 -3.250000 -6.630000
188.091003 0.390000 -3.090000 -8.930000 -3.190000 -5.940000
188.091995 0.390000 -2.340000 -8.530000 -3.050000 -5.270000
188.093002 0.390000 -1.580000 -8.020000 -2.830000 -4.640000
188.093994 0.390000 -0.830000 -7.430000 -2.560000 -4.070000
188.095001 0.390000 -0.090000 -6.780000 -2.230000 -3.580000
188.095993 0.390000 0.660000 -6.110000 -1.850000 -3.160000
188.097000 0.390000 1.410000 -5.430000 -1.430000 -2.810000
188.098007 0.390000 2.170000 -4.750000 -0.970000 -2.510000
188.098999 0.390000 2.900000 -4.110000 -0.470000 -2.280000
188.100006 0.390000 3.630000 -3.520000 0.050000 -2.080000
188.100998 0.390000 4.340000 -2.980000 0.600000 -1.900000
188.102005 0.390000 5.050000 -2.490000 1.170000 -1.730000
188.102997 0.390000 5.740000 -2.020000 1.760000 -1.520000
188.104004 0.390000 6.400000 -1.590000 2.350000 -1.270000
188.104996 0.390000 7.050000 -1.160000 2.950000 -0.970000
188.106003 0.390000 7.690000 -0.700000 3.540000 -0.590000
188.106995 0.390000 8.320000 -0.210000 4.110000 -0.130000
188.108002 0.390000 8.940000 0.350000 4.650000 0.440000
188.108994 0.390000 9.550000 0.970000 5.140000 1.100000
188.110001 0.390000 10.150000 1.670000 5.560000 1.850000
188.110992 0.390000 10.750000 2.450000 5.900000 2.690000
188.112000 0.390000 11.340000 3.300000 6.150000 3.590000
188.113007 0.390000 11.890000 4.190000 6.290000 4.550000
188.113998 0.390000 12.410000 5.100000 6.300000 5.530000
188.115005 0.390000 12.870000 5.980000 6.190000 6.500000
188.115997 0.390000 13.270000 6.820000 5.960000 7.440000
188.117004 0.390000 13.590000 7.580000 5.630000 8.330000
188.117996 0.390000 13.800000 8.200000 5.200000 9.120000
188.119003 0.390000 13.890000 8.660000 4.700000 9.780000
188.119995 0.390000 13.840000 8.930000 4.150000 10.300000
188.121002 0.390000 13.660000 9.010000 3.580000 10.660000
188.121994 0.390000 13.330000 8.900000 3.030000 10.850000
188.123001 0.400000 12.850000 8.580000 2.530000 10.870000
188.123993 0.400000 12.220000 8.080000 2.100000 10.700000
188.125000 0.400000 11.470000 7.420000 1.780000 10.370000
188.126007 0.400000 10.610000 6.660000 1.570000 9.910000
188.126999 0.400000 9.660000 5.810000 1.500000 9.330000
188.128006 0.410000 8.650000 4.930000 1.560000 8.660000
188.128998 0.410000 7.610000 4.060000 1.750000 7.930000
188.130005 0.410000 6.570000 3.230000 2.050000 7.190000
188.130997 0.410000 5.560000 2.480000 2.440000 6.470000
188.132004 0.410000 4.620000 1.840000 2.890000 5.800000
188.132996 0.410000 3.750000 1.330000 3.360000 5.210000
188.134003 0.410000 3.000000 0.940000 3.840000 4.730000
188.134995 0.410000 2.360000 0.680000 4.280000 4.360000
188.136002 0.410000 1.850000 0.550000 4.650000 4.130000
188.136993 0.410000 1.460000 0.520000 4.920000 4.030000
188.138000 0.410000 1.180000 0.570000 5.090000 4.050000
188.139008 0.410000 1.010000 0.680000 5.150000 4.180000
188.139999 0.410000 0.920000 0.820000 5.080000 4.400000
188.141006 0.410000 0.890000 0.970000 4.910000 4.680000
188.141998 0.420000 0.900000 1.100000 4.650000 4.990000
188.143005 0.420000 0.920000 1.210000 4.320000 5.290000
188.143997 0.420000 0.940000 1.270000 3.940000 5.580000
188.145004 0.420000 0.920000 1.290000 3.560000 5.810000
188.145996 0.420000 0.850000 1.260000 3.190000 5.980000
188.147003 0.420000 0.710000 1.180000 2.860000 6.050000
188.147995 0.420000 0.510000 1.050000 2.590000 6.020000
188.149002 0.420000 0.250000 0.890000 2.390000 5.890000
188.149994 0.420000 -0.070000 0.700000 2.280000 5.680000
188.151001 0.420000 -0.430000 0.490000 2.250000 5.370000
188.151993 0.420000 -0.830000 0.260000 2.280000 5.000000
188.153000 0.420000 -1.240000 0.020000 2.380000 4.560000
188.154007 0.420000 -1.630000 -0.230000 2.500000 4.090000
188.154999 0.420000 -1.990000 -0.490000 2.640000 3.610000
188.156006 0.420000 -2.280000 -0.770000 2.760000 3.140000
188.156998 0.420000 -2.500000 -1.070000 2.840000 2.680000
188.158005 0.420000 -2.640000 -1.390000 2.850000 2.250000
188.158997 0.430000 -2.680000 -1.720000 2.780000 1.860000
188.160004 0.430000 -2.610000 -2.080000 2.630000 1.510000
188.160995 0.430000 -2.450000 -2.450000 2.380000 1.200000
188.162003 0.430000 -2.210000 -2.830000 2.040000 0.920000
188.162994 0.430000 -1.900000 -3.200000 1.630000 0.650000
188.164001 0.430000 -1.540000 -3.550000 1.160000 0.410000
188.164993 0.430000 -1.160000 -3.870000 0.660000 0.160000
188.166000 0.440000 -0.780000 -4.140000 0.150000 -0.100000
188.167007 0.440000 -0.430000 -4.340000 -0.350000 -0.390000
188.167999 0.440000 -0.150000 -4.460000 -0.790000 -0.720000
188.169006 0.440000 0.060000 -4.490000 -1.170000 -1.070000
188.169998 0.440000 0.170000 -4.430000 -1.460000 -1.460000
188.171005 0.440000 0.170000 -4.280000 -1.650000 -1.890000
188.171997 0.440000 0.050000 -4.050000 -1.730000 -2.360000
188.173004 0.450000 -0.190000 -3.760000 -1.720000 -2.840000
188.173996 0.450000 -0.530000 -3.410000 -1.610000 -3.320000
188.175003 0.450000 -0.960000 -3.040000 -1.420000 -3.790000
188.175995 0.450000 -1.470000 -2.680000 -1.170000 -4.240000
188.177002 0.450000 -2.030000 -2.350000 -0.880000 -4.660000
188.177994 0.450000 -2.610000 -2.070000 -0.580000 -5.030000
188.179001 0.450000 -3.170000 -1.870000 -0.280000 -5.320000
188.179993 0.450000 -3.690000 -1.760000 -0.020000 -5.550000
188.181000 0.450000 -4.150000 -1.750000 0.190000 -5.710000
188.182007 0.460000 -4.520000 -1.840000 0.340000 -5.790000
188.182999 0.460000 -4.770000 -2.030000 0.410000 -5.790000
188.184006 0.460000 -4.900000 -2.290000 0.400000 -5.720000
188.184998 0.460000 -4.890000 -2.610000 0.310000 -5.590000
188.186005 0.460000 -4.760000 -2.960000 0.140000 -5.420000
188.186996 0.460000 -4.500000 -3.310000 -0.100000 -5.200000
188.188004 0.470000 -4.130000 -3.630000 -0.400000 -4.950000
188.188995 0.470000 -3.660000 -3.900000 -0.730000 -4.680000
188.190002 0.470000 -3.130000 -4.080000 -1.100000 -4.400000
188.190994 0.470000 -2.570000 -4.160000 -1.490000 -4.130000
188.192001 0.480000 -1.990000 -4.130000 -1.880000 -3.870000
188.192993 0.480000 -1.430000 -3.980000 -2.260000 -3.610000
188.194000 0.480000 -0.910000 -3.730000 -2.610000 -3.370000
188.195007 0.480000 -0.470000 -3.380000 -2.930000 -3.140000
188.195999 0.490000 -0.110000 -2.950000 -3.220000 -2.930000
188.197006 0.490000 0.130000 -2.460000 -3.450000 -2.730000
188.197998 0.490000 0.270000 -1.940000 -3.630000 -2.530000
188.199005 0.490000 0.290000 -1.430000 -3.750000 -2.340000
188.199997 0.500000 0.200000 -0.930000 -3.810000 -2.140000
188.201004 0.500000 0.000000 -0.480000 -3.810000 -1.940000
188.201996 0.500000 -0.270000 -0.100000 -3.750000 -1.730000
188.203003 0.500000 -0.610000 0.210000 -3.610000 -1.520000
188.203995 0.500000 -0.980000 0.440000 -3.410000 -1.300000
188.205002 0.510000 -1.370000 0.590000 -3.150000 -1.070000
188.205994 0.510000 -1.740000 0.670000 -2.830000 -0.850000
188.207001 0.510000 -2.060000 0.690000 -2.460000 -0.630000
188.207993 0.510000 -2.320000 0.670000 -2.040000 -0.420000
188.209000 0.510000 -2.500000 0.610000 -1.600000 -0.230000
188.210007 0.520000 -2.570000 0.540000 -1.130000 -0.060000
188.210999 0.520000 -2.540000 0.470000 -0.660000 0.090000
188.212006 0.520000 -2.400000 0.410000 -0.210000 0.210000
188.212997 0.520000 -2.150000 0.360000 0.230000 0.300000
188.214005 0.530000 -1.800000 0.340000 0.620000 0.370000
188.214996 0.530000 -1.360000 0.330000 0.960000 0.410000
188.216003 0.530000 -0.870000 0.340000 1.240000 0.430000
188.216995 0.530000 -0.330000 0.350000 1.440000 0.450000
188.218002 0.530000 0.220000 0.370000 1.570000 0.460000
188.218994 0.540000 0.760000 0.370000 1.620000 0.480000
188.220001 0.540000 1.270000 0.360000 1.590000 0.510000
188.220993 0.540000 1.720000 0.330000 1.510000 0.570000
188.222000 0.540000 2.090000 0.290000 1.370000 0.650000
188.223007 0.540000 2.380000 0.240000 1.190000 0.770000
188.223999 0.540000 2.560000 0.190000 0.990000 0.920000
188.225006 0.540000 2.630000 0.150000 0.780000 1.090000
188.225998 0.540000 2.610000 0.130000 0.570000 1.300000
188.227005 0.540000 2.490000 0.160000 0.390000 1.520000
188.227997 0.540000 2.280000 0.240000 0.250000 1.740000
188.229004 0.540000 2.000000 0.390000 0.150000 1.960000
188.229996 0.540000 1.670000 0.620000 0.100000 2.150000
188.231003 0.540000 1.310000 0.920000 0.100000 2.310000
188.231995 0.530000 0.940000 1.300000 0.150000 2.430000
188.233002 0.530000 0.580000 1.730000 0.250000 2.480000
188.233994 0.530000 0.240000 2.210000 0.390000 2.480000
188.235001 0.530000 -0.060000 2.710000 0.560000 2.410000
188.235992 0.540000 -0.310000 3.190000 0.740000 2.280000
188.237000 0.540000 -0.500000 3.640000 0.940000 2.090000
188.238007 0.540000 -0.630000 4.000000 1.130000 1.860000
188.238998 0.540000 -0.720000 4.250000 1.300000 1.600000
188.240005 0.540000 -0.750000 4.380000 1.450000 1.330000
188.240997 0.540000 -0.740000 4.360000 1.580000 1.060000
188.242004 0.540000 -0.700000 4.170000 1.670000 0.820000
188.242996 0.550000 -0.660000 3.820000 1.720000 0.620000
188.244003 0.550000 -0.610000 3.310000 1.720000 0.470000
188.244995 0.550000 -0.570000 2.670000 1.690000 0.390000
188.246002 0.550000 -0.560000 1.910000 1.620000 0.370000
188.246994 0.550000 -0.590000 1.080000 1.500000 0.420000
188.248001 0.550000 -0.660000 0.190000 1.350000 0.510000
188.248993 0.540000 -0.760000 -0.690000 1.160000 0.650000
188.250000 0.540000 -0.920000 -1.550000 0.940000 0.800000
188.251007 0.540000 -1.110000 -2.340000 0.690000 0.950000
188.251999 0.540000 -1.340000 -3.030000 0.430000 1.080000
188.253006 0.540000 -1.590000 -3.600000 0.140000 1.150000
188.253998 0.530000 -1.850000 -4.030000 -0.140000 1.150000
188.255005 0.530000 -2.120000 -4.310000 -0.430000 1.060000
188.255997 0.530000 -2.370000 -4.470000 -0.710000 0.870000
188.257004 0.530000 -2.600000 -4.490000 -0.960000 0.570000
188.257996 0.530000 -2.810000 -4.390000 -1.180000 0.160000
188.259003 0.520000 -2.980000 -4.200000 -1.360000 -0.330000
188.259995 0.520000 -3.110000 -3.950000 -1.480000 -0.910000
188.261002 0.520000 -3.200000 -3.650000 -1.550000 -1.530000
188.261993 0.520000 -3.250000 -3.330000 -1.540000 -2.170000
188.263000 0.520000 -3.270000 -3.000000 -1.470000 -2.800000
188.264008 0.520000 -3.270000 -2.690000 -1.320000 -3.380000
188.264999 0.510000 -3.240000 -2.410000 -1.110000 -3.870000
188.266006 0.510000 -3.220000 -2.170000 -0.850000 -4.260000
188.266998 0.510000 -3.200000 -1.960000 -0.540000 -4.510000
188.268005 0.500000 -3.190000 -1.790000 -0.210000 -4.600000
188.268997 0.500000 -3.210000 -1.640000 0.140000 -4.530000
188.270004 0.500000 -3.250000 -1.520000 0.480000 -4.310000
188.270996 0.490000 -3.330000 -1.420000 0.790000 -3.940000
188.272003 0.480000 -3.440000 -1.330000 1.060000 -3.430000
188.272995 0.480000 -3.570000 -1.240000 1.260000 -2.820000
188.274002 0.470000 -3.720000 -1.150000 1.400000 -2.140000
188.274994 0.470000 -3.880000 -1.070000 1.450000 -1.410000
188.276001 0.460000 -4.040000 -0.990000 1.430000 -0.680000
188.276993 0.460000 -4.190000 -0.910000 1.330000 0.020000
188.278000 0.450000 -4.320000 -0.840000 1.160000 0.660000
188.279007 0.450000 -4.400000 -0.780000 0.940000 1.230000
188.279999 0.440000 -4.440000 -0.720000 0.680000 1.690000
188.281006 0.440000 -4.440000 -0.670000 0.400000 2.030000
188.281998 0.430000 -4.370000 -0.630000 0.120000 2.260000
188.283005 0.430000 -4.260000 -0.560000 -0.140000 2.380000
188.283997 0.420000 -4.090000 -0.490000 -0.380000 2.390000
188.285004 0.420000 -3.880000 -0.370000 -0.580000 2.300000
188.285995 0.420000 -3.640000 -0.210000 -0.730000 2.140000
188.287003 0.410000 -3.390000 0.020000 -0.830000 1.920000
188.287994 0.410000 -3.130000 0.340000 -0.880000 1.670000
188.289001 0.410000 -2.890000 0.740000 -0.900000 1.390000
188.289993 0.400000 -2.680000 1.240000 -0.890000 1.110000
188.291000 0.400000 -2.510000 1.840000 -0.860000 0.830000
188.292007 0.390000 -2.390000 2.520000 -0.830000 0.580000
188.292999 0.390000 -2.320000 3.260000 -0.810000 0.360000
188.294006 0.380000 -2.300000 4.050000 -0.800000 0.150000
188.294998 0.380000 -2.330000 4.840000 -0.820000 -0.020000
188.296005 0.380000 -2.390000 5.610000 -0.870000 -0.180000
188.296997 0.370000 -2.470000 6.310000 -0.940000 -0.300000
188.298004 0.370000 -2.550000 6.910000 -1.030000 -0.410000
188.298996 0.360000 -2.620000 7.370000 -1.120000 -0.490000
188.300003 0.360000 -2.650000 7.650000 -1.210000 -0.560000
188.300995 0.350000 -2.630000 7.740000 -1.270000 -0.610000
188.302002 0.350000 -2.550000 7.630000 -1.300000 -0.640000
188.302994 0.350000 -2.400000 7.320000 -1.290000 -0.630000
188.304001 0.340000 -2.180000 6.820000 -1.220000 -0.590000
188.304993 0.340000 -1.900000 6.160000 -1.090000 -0.510000
188.306000 0.340000 -1.580000 5.390000 -0.900000 -0.390000
188.307007 0.330000 -1.230000 4.550000 -0.650000 -0.220000
188.307999 0.330000 -0.890000 3.690000 -0.370000 0.010000
188.309006 0.330000 -0.580000 2.870000 -0.060000 0.280000
188.309998 0.330000 -0.330000 2.150000 0.260000 0.600000
188.311005 0.330000 -0.190000 1.570000 0.560000 0.960000
188.311996 0.320000 -0.170000 1.180000 0.820000 1.340000
188.313004 0.320000 -0.280000 1.000000 1.040000 1.730000
188.313995 0.320000 -0.560000 1.050000 1.190000 2.120000
188.315002 0.320000 -0.990000 1.320000 1.260000 2.480000
188.315994 0.320000 -1.580000 1.800000 1.250000 2.810000
188.317001 0.320000 -2.290000 2.460000 1.170000 3.080000
188.317993 0.320000 -3.090000 3.250000 1.020000 3.280000
188.319000 0.310000 -3.930000 4.110000 0.830000 3.400000
188.320007 0.310000 -4.770000 4.990000 0.600000 3.420000
188.320999 0.310000 -5.540000 5.820000 0.360000 3.360000
188.322006 0.310000 -6.190000 6.540000 0.140000 3.210000
188.322998 0.310000 -6.660000 7.090000 -0.060000 2.970000
188.324005 0.310000 -6.900000 7.420000 -0.210000 2.650000
188.324997 0.310000 -6.860000 7.510000 -0.300000 2.270000
188.326004 0.310000 -6.520000 7.330000 -0.320000 1.860000
188.326996 0.300000 -5.880000 6.880000 -0.290000 1.410000
188.328003 0.300000 -4.930000 6.170000 -0.200000 0.960000
188.328995 0.300000 -3.700000 5.230000 -0.090000 0.510000
188.330002 0.300000 -2.240000 4.110000 0.050000 0.090000
188.330994 0.300000 -0.580000 2.840000 0.180000 -0.300000
188.332001 0.300000 1.190000 1.500000 0.270000 -0.630000
188.332993 0.300000 2.970000 0.140000 0.310000 -0.910000
188.334000 0.300000 4.710000 -1.170000 0.280000 -1.120000
188.335007 0.300000 6.310000 -2.380000 0.170000 -1.270000
188.335999 0.300000 7.710000 -3.440000 -0.040000 -1.360000
188.337006 0.300000 8.820000 -4.300000 -0.330000 -1.400000
188.337997 0.300000 9.560000 -4.940000 -0.710000 -1.390000
188.339005 0.300000 9.920000 -5.330000 -1.150000 -1.340000
188.339996 0.300000 9.860000 -5.470000 -1.630000 -1.260000
188.341003 0.300000 9.390000 -5.380000 -2.130000 -1.160000
188.341995 0.300000 8.520000 -5.060000 -2.610000 -1.060000
188.343002 0.300000 7.250000 -4.550000 -3.060000 -0.970000
188.343994 0.290000 5.660000 -3.870000 -3.450000 -0.890000
188.345001 0.290000 3.790000 -3.080000 -3.750000 -0.840000
188.345993 0.290000 1.730000 -2.230000 -3.960000 -0.830000
188.347000 0.290000 -0.460000 -1.350000 -4.070000 -0.860000
188.348007 0.290000 -2.710000 -0.500000 -4.090000 -0.950000
188.348999 0.290000 -4.940000 0.290000 -4.020000 -1.090000
188.350006 0.290000 -7.090000 0.980000 -3.880000 -1.290000
188.350998 0.280000 -9.090000 1.530000 -3.700000 -1.540000
188.352005 0.280000 -10.910000 1.920000 -3.490000 -1.860000
188.352997 0.280000 -12.490000 2.120000 -3.270000 -2.220000
188.354004 0.280000 -13.830000 2.130000 -3.080000 -2.630000
188.354996 0.280000 -14.900000 1.940000 -2.920000 -3.080000
188.356003 0.290000 -15.730000 1.570000 -2.820000 -3.550000
188.356995 0.290000 -16.309999 1.010000 -2.770000 -4.030000
188.358002 0.290000 -16.639999 0.290000 -2.770000 -4.500000
188.358994 0.290000 -16.760000 -0.560000 -2.820000 -4.960000
188.360001 0.290000 -16.700001 -1.530000 -2.900000 -5.380000
188.360992 0.290000 -16.490000 -2.570000 -3.000000 -5.750000
188.362000 0.290000 -16.150000 -3.660000 -3.090000 -6.050000
188.363007 0.300000 -15.710000 -4.740000 -3.160000 -6.280000
188.363998 0.300000 -15.160000 -5.790000 -3.190000 -6.410000
188.365005 0.300000 -14.550000 -6.760000 -3.160000 -6.450000
188.365997 0.300000 -13.900000 -7.620000 -3.070000 -6.400000
188.367004 0.300000 -13.220000 -8.350000 -2.930000 -6.260000
188.367996 0.300000 -12.500000 -8.890000 -2.730000 -6.010000
188.369003 0.300000 -11.750000 -9.240000 -2.480000 -5.690000
188.369995 0.300000 -10.990000 -9.390000 -2.210000 -5.280000
188.371002 0.300000 -10.210000 -9.320000 -1.940000 -4.820000
188.371994 0.300000 -9.430000 -9.050000 -1.690000 -4.320000
188.373001 0.300000 -8.630000 -8.550000 -1.470000 -3.790000
188.373993 0.300000 -7.830000 -7.870000 -1.310000 -3.240000
188.375000 0.300000 -7.010000 -7.010000 -1.210000 -2.690000
188.376007 0.300000 -6.200000 -6.020000 -1.180000 -2.160000
188.376999 0.300000 -5.390000 -4.920000 -1.220000 -1.660000
188.378006 0.310000 -4.570000 -3.740000 -1.300000 -1.200000
188.378998 0.310000 -3.760000 -2.510000 -1.420000 -0.780000
188.380005 0.310000 -2.960000 -1.270000 -1.530000 -0.420000
188.380997 0.310000 -2.160000 -0.060000 -1.620000 -0.110000
188.382004 0.310000 -1.380000 1.100000 -1.650000 0.150000
188.382996 0.310000 -0.600000 2.190000 -1.590000 0.350000
188.384003 0.310000 0.140000 3.180000 -1.410000 0.490000
188.384995 0.310000 0.850000 4.060000 -1.100000 0.590000
188.386002 0.310000 1.530000 4.820000 -0.640000 0.650000
188.386993 0.300000 2.170000 5.450000 -0.040000 0.660000
188.388000 0.300000 2.750000 5.960000 0.700000 0.650000
188.389008 0.300000 3.240000 6.330000 1.530000 0.590000
188.389999 0.300000 3.640000 6.590000 2.440000 0.500000
188.391006 0.300000 3.950000 6.730000 3.370000 0.400000
188.391998 0.300000 4.150000 6.770000 4.280000 0.270000
188.393005 0.300000 4.230000 6.710000 5.120000 0.130000
188.393997 0.300000 4.160000 6.540000 5.840000 -0.020000
188.395004 0.300000 3.960000 6.300000 6.380000 -0.180000
188.395996 0.300000 3.640000 5.990000 6.730000 -0.340000
188.397003 0.300000 3.200000 5.630000 6.860000 -0.490000
188.397995 0.300000 2.650000 5.210000 6.750000 -0.630000
188.399002 0.300000 2.020000 4.750000 6.410000 -0.750000
188.399994 0.300000 1.340000 4.270000 5.850000 -0.830000
188.401001 0.300000 0.640000 3.780000 5.110000 -0.890000
188.401993 0.300000 -0.040000 3.300000 4.220000 -0.900000
188.403000 0.300000 -0.670000 2.850000 3.250000 -0.870000
188.404007 0.300000 -1.220000 2.440000 2.230000 -0.790000
188.404999 0.300000 -1.640000 2.080000 1.230000 -0.670000
188.406006 0.300000 -1.930000 1.780000 0.300000 -0.510000
188.406998 0.300000 -2.050000 1.580000 -0.510000 -0.320000
188.408005 0.300000 -2.000000 1.460000 -1.150000 -0.100000
188.408997 0.300000 -1.780000 1.430000 -1.600000 0.130000
188.410004 0.310000 -1.410000 1.490000 -1.850000 0.360000
188.410995 0.310000 -0.910000 1.630000 -1.890000 0.570000
188.412003 0.310000 -0.310000 1.850000 -1.720000 0.770000
188.412994 0.310000 0.360000 2.130000 -1.370000 0.930000
188.414001 0.310000 1.050000 2.450000 -0.860000 1.040000
188.414993 0.310000 1.720000 2.800000 -0.230000 1.100000
188.416000 0.310000 2.320000 3.150000 0.470000 1.110000
188.417007 0.310000 2.820000 3.480000 1.220000 1.070000
188.417999 0.310000 3.190000 3.780000 1.970000 0.970000
188.419006 0.310000 3.410000 4.040000 2.680000 0.840000
188.419998 0.320000 3.460000 4.250000 3.320000 0.670000
188.421005 0.320000 3.360000 4.410000 3.880000 0.490000
188.421997 0.320000 3.110000 4.510000 4.320000 0.310000
188.423004 0.310000 2.740000 4.560000 4.660000 0.160000
188.423996 0.310000 2.280000 4.560000 4.880000 0.040000
188.425003 0.310000 1.780000 4.540000 5.000000 -0.030000
188.425995 0.310000 1.280000 4.510000 5.020000 -0.040000
188.427002 0.310000 0.830000 4.470000 4.960000 0.040000
188.427994 0.310000 0.470000 4.420000 4.840000 0.190000
188.429001 0.310000 0.240000 4.390000 4.670000 0.420000
188.429993 0.310000 0.160000 4.370000 4.470000 0.730000
188.431000 0.310000 0.250000 4.360000 4.260000 1.110000
188.432007 0.310000 0.530000 4.350000 4.040000 1.540000
188.432999 0.310000 0.970000 4.330000 3.820000 2.010000
188.434006 0.310000 1.570000 4.280000 3.610000 2.490000
188.434998 0.310000 2.270000 4.190000 3.410000 2.960000
188.436005 0.310000 3.060000 4.050000 3.220000 3.410000
188.436996 0.310000 3.870000 3.830000 3.030000 3.810000
188.438004 0.310000 4.660000 3.530000 2.850000 4.140000
188.438995 0.310000 5.380000 3.150000 2.670000 4.380000
188.440002 0.310000 5.970000 2.680000 2.490000 4.530000
188.440994 0.310000 6.410000 2.140000 2.310000 4.580000
188.442001 0.320000 6.660000 1.550000 2.130000 4.530000
188.442993 0.320000 6.700000 0.930000 1.960000 4.380000
188.444000 0.320000 6.530000 0.310000 1.800000 4.140000
188.445007 0.320000 6.160000 -0.280000 1.650000 3.840000
188.445999 0.320000 5.620000 -0.800000 1.520000 3.480000
188.447006 0.320000 4.930000 -1.210000 1.420000 3.100000
188.447998 0.320000 4.150000 -1.510000 1.340000 2.700000
188.449005 0.320000 3.320000 -1.640000 1.310000 2.310000
188.449997 0.320000 2.490000 -1.620000 1.320000 1.960000
188.451004 0.320000 1.710000 -1.430000 1.360000 1.660000
188.451996 0.320000 1.040000 -1.080000 1.430000 1.420000
188.453003 0.320000 0.510000 -0.600000 1.540000 1.250000
188.453995 0.320000 0.160000 -0.010000 1.680000 1.160000
188.455002 0.320000 -0.010000 0.650000 1.830000 1.140000
188.455994 0.320000 0.020000 1.330000 2.000000 1.180000
188.457001 0.320000 0.230000 1.990000 2.170000 1.290000
188.457993 0.320000 0.610000 2.570000 2.330000 1.430000
188.459000 0.320000 1.120000 3.040000 2.480000 1.590000
188.460007 0.320000 1.720000 3.360000 2.620000 1.770000
188.460999 0.320000 2.360000 3.500000 2.730000 1.930000
188.462006 0.320000 3.000000 3.440000 2.820000 2.060000
188.462997 0.320000 3.570000 3.170000 2.870000 2.150000
188.464005 0.320000 4.040000 2.700000 2.890000 2.190000
188.464996 0.320000 4.370000 2.070000 2.880000 2.180000
188.466003 0.320000 4.530000 1.290000 2.830000 2.100000
188.466995 0.320000 4.500000 0.400000 2.740000 1.980000
188.468002 0.320000 4.260000 -0.550000 2.620000 1.800000
188.468994 0.310000 3.830000 -1.510000 2.450000 1.580000
188.470001 0.310000 3.230000 -2.430000 2.240000 1.350000
188.470993 0.310000 2.480000 -3.270000 2.000000 1.100000
188.472000 0.310000 1.610000 -3.990000 1.710000 0.860000
188.473007 0.310000 0.670000 -4.560000 1.380000 0.630000
188.473999 0.310000 -0.280000 -4.970000 1.010000 0.430000
188.475006 0.310000 -1.210000 -5.190000 0.610000 0.260000
188.475998 0.310000 -2.070000 -5.250000 0.180000 0.130000
188.477005 0.310000 -2.830000 -5.130000 -0.260000 0.020000
188.477997 0.310000 -3.440000 -4.880000 -0.720000 -0.060000
188.479004 0.310000 -3.890000 -4.500000 -1.160000 -0.120000
188.479996 0.310000 -4.160000 -4.050000 -1.590000 -0.180000
188.481003 0.310000 -4.250000 -3.540000 -1.990000 -0.250000
188.481995 0.320000 -4.180000 -3.020000 -2.340000 -0.340000
188.483002 0.320000 -3.940000 -2.510000 -2.620000 -0.470000
188.483994 0.320000 -3.570000 -2.050000 -2.830000 -0.640000
188.485001 0.320000 -3.110000 -1.650000 -2.960000 -0.860000
188.485992 0.320000 -2.580000 -1.330000 -2.990000 -1.130000
188.487000 0.320000 -2.020000 -1.100000 -2.940000 -1.440000
188.488007 0.320000 -1.470000 -0.960000 -2.800000 -1.790000
188.488998 0.320000 -0.950000 -0.900000 -2.580000 -2.160000
188.490005 0.320000 -0.500000 -0.930000 -2.290000 -2.520000
188.490997 0.320000 -0.140000 -1.010000 -1.970000 -2.870000
188.492004 0.320000 0.110000 -1.150000 -1.620000 -3.170000
188.492996 0.320000 0.250000 -1.310000 -1.270000 -3.410000
188.494003 0.320000 0.280000 -1.490000 -0.940000 -3.560000
188.494995 0.320000 0.210000 -1.660000 -0.660000 -3.600000
188.496002 0.310000 0.050000 -1.820000 -0.440000 -3.540000
188.496994 0.310000 -0.190000 -1.950000 -0.300000 -3.370000
188.498001 0.310000 -0.480000 -2.040000 -0.260000 -3.080000
188.498993 0.310000 -0.800000 -2.100000 -0.310000 -2.700000
188.500000 0.310000 -1.130000 -2.100000 -0.450000 -2.230000
188.501007 0.300000 -1.440000 -2.070000 -0.680000 -1.710000
188.501999 0.300000 -1.710000 -1.990000 -0.970000 -1.170000
188.503006 0.300000 -1.940000 -1.870000 -1.310000 -0.620000
188.503998 0.300000 -2.110000 -1.720000 -1.680000 -0.100000
188.505005 0.300000 -2.220000 -1.550000 -2.040000 0.350000
188.505997 0.300000 -2.260000 -1.360000 -2.370000 0.730000
188.507004 0.300000 -2.240000 -1.160000 -2.650000 1.010000
188.507996 0.300000 -2.160000 -0.950000 -2.860000 1.180000
188.509003 0.300000 -2.050000 -0.760000 -2.970000 1.240000
188.509995 0.310000 -1.920000 -0.580000 -2.970000 1.190000
188.511002 0.310000 -1.770000 -0.420000 -2.870000 1.060000
188.511993 0.310000 -1.630000 -0.290000 -2.670000 0.860000
188.513000 0.310000 -1.510000 -0.200000 -2.360000 0.610000
188.514008 0.310000 -1.430000 -0.160000 -1.990000 0.350000
188.514999 0.310000 -1.400000 -0.160000 -1.550000 0.090000
188.516006 0.310000 -1.430000 -0.220000 -1.090000 -0.130000
188.516998 0.310000 -1.510000 -0.330000 -0.620000 -0.280000
188.518005 0.310000 -1.660000 -0.480000 -0.170000 -0.370000
188.518997 0.310000 -1.870000 -0.680000 0.220000 -0.370000
188.520004 0.300000 -2.120000 -0.910000 0.540000 -0.290000
188.520996 0.300000 -2.430000 -1.170000 0.770000 -0.130000
188.522003 0.300000 -2.760000 -1.440000 0.900000 0.090000
188.522995 0.290000 -3.110000 -1.710000 0.920000 0.350000
188.524002 0.290000 -3.450000 -1.960000 0.840000 0.640000
188.524994 0.290000 -3.780000 -2.170000 0.660000 0.910000
188.526001 0.280000 -4.080000 -2.330000 0.400000 1.150000
188.526993 0.280000 -4.320000 -2.430000 0.070000 1.330000
188.528000 0.280000 -4.500000 -2.450000 -0.300000 1.420000
188.529007 0.280000 -4.590000 -2.390000 -0.680000 1.420000
188.529999 0.280000 -4.600000 -2.250000 -1.070000 1.320000
188.531006 0.280000 -4.510000 -2.020000 -1.420000 1.110000
188.531998 0.290000 -4.330000 -1.730000 -1.730000 0.810000
188.533005 0.290000 -4.050000 -1.370000 -1.980000 0.410000
188.533997 0.290000 -3.680000 -0.960000 -2.160000 -0.050000
188.535004 0.300000 -3.230000 -0.530000 -2.260000 -0.550000
188.535995 0.300000 -2.710000 -0.090000 -2.290000 -1.070000
188.537003 0.300000 -2.130000 0.330000 -2.250000 -1.580000
188.537994 0.300000 -1.530000 0.710000 -2.140000 -2.070000
188.539001 0.300000 -0.910000 1.040000 -1.980000 -2.520000
188.539993 0.300000 -0.310000 1.290000 -1.780000 -2.900000
188.541000 0.300000 0.270000 1.450000 -1.570000 -3.220000
188.542007 0.300000 0.780000 1.520000 -1.340000 -3.470000
188.542999 0.300000 1.220000 1.490000 -1.120000 -3.650000
188.544006 0.300000 1.560000 1.360000 -0.920000 -3.780000
188.544998 0.300000 1.790000 1.140000 -0.750000 -3.860000
188.546005 0.290000 1.910000 0.850000 -0.610000 -3.920000
188.546997 0.290000 1.910000 0.500000 -0.500000 -3.960000
188.548004 0.290000 1.780000 0.110000 -0.440000 -4.000000
188.548996 0.290000 1.540000 -0.320000 -0.410000 -4.040000
188.550003 0.290000 1.200000 -0.750000 -0.410000 -4.100000
188.550995 0.290000 0.770000 -1.170000 -0.450000 -4.160000
188.552002 0.290000 0.270000 -1.560000 -0.500000 -4.240000
188.552994 0.290000 -0.260000 -1.920000 -0.580000 -4.300000
188.554001 0.290000 -0.810000 -2.230000 -0.660000 -4.340000
188.554993 0.290000 -1.340000 -2.490000 -0.750000 -4.350000
188.556000 0.290000 -1.840000 -2.710000 -0.850000 -4.310000
188.557007 0.300000 -2.270000 -2.870000 -0.940000 -4.200000
188.557999 0.300000 -2.610000 -2.990000 -1.030000 -4.000000
188.559006 0.300000 -2.850000 -3.060000 -1.120000 -3.710000
188.559998 0.300000 -2.970000 -3.110000 -1.190000 -3.320000
188.561005 0.300000 -2.970000 -3.130000 -1.260000 -2.840000
188.561996 0.300000 -2.840000 -3.140000 -1.310000 -2.280000
188.563004 0.300000 -2.590000 -3.120000 -1.340000 -1.640000
188.563995 0.300000 -2.220000 -3.090000 -1.350000 -0.960000
188.565002 0.300000 -1.760000 -3.040000 -1.330000 -0.270000
188.565994 0.300000 -1.220000 -2.970000 -1.290000 0.420000
188.567001 0.300000 -0.620000 -2.870000 -1.220000 1.080000
188.567993 0.290000 0.020000 -2.730000 -1.120000 1.660000
188.569000 0.290000 0.670000 -2.540000 -0.980000 2.160000
188.570007 0.290000 1.320000 -2.290000 -0.800000 2.540000
188.570999 0.290000 1.930000 -1.980000 -0.590000 2.810000
188.572006 0.290000 2.490000 -1.590000 -0.360000 2.960000
188.572998 0.290000 2.980000 -1.140000 -0.090000 2.980000
188.574005 0.290000 3.400000 -0.610000 0.180000 2.890000
188.574997 0.290000 3.730000 -0.010000 0.460000 2.700000
188.576004 0.290000 3.970000 0.640000 0.740000 2.440000
188.576996 0.300000 4.130000 1.330000 1.000000 2.130000
188.578003 0.300000 4.200000 2.030000 1.220000 1.800000
188.578995 0.300000 4.180000 2.730000 1.410000 1.470000
188.580002 0.300000 4.090000 3.390000 1.540000 1.160000
188.580994 0.300000 3.950000 3.990000 1.620000 0.890000
188.582001 0.300000 3.750000 4.510000 1.630000 0.680000
188.582993 0.300000 3.510000 4.910000 1.590000 0.540000
188.584000 0.300000 3.230000 5.180000 1.470000 0.470000
188.585007 0.300000 2.940000 5.300000 1.300000 0.450000
188.585999 0.300000 2.640000 5.270000 1.080000 0.500000
188.587006 0.300000 2.340000 5.090000 0.830000 0.590000
188.587997 0.300000 2.050000 4.760000 0.560000 0.720000
188.589005 0.300000 1.770000 4.300000 0.280000 0.860000
188.589996 0.290000 1.510000 3.730000 0.010000 1.010000
188.591003 0.290000 1.270000 3.090000 -0.230000 1.150000
188.591995 0.290000 1.070000 2.410000 -0.430000 1.280000
188.593002 0.290000 0.890000 1.720000 -0.570000 1.400000
188.593994 0.290000 0.750000 1.070000 -0.650000 1.490000
188.595001 0.290000 0.640000 0.500000 -0.650000 1.570000
188.595993 0.290000 0.560000 0.030000 -0.590000 1.630000
188.597000 0.290000 0.520000 -0.300000 -0.450000 1.690000
188.598007 0.290000 0.510000 -0.480000 -0.250000 1.760000
188.598999 0.290000 0.520000 -0.480000 0.010000 1.840000
188.600006 0.290000 0.560000 -0.320000 0.310000 1.950000
188.600998 0.290000 0.620000 0.000000 0.640000 2.080000
188.602005 0.290000 0.690000 0.460000 0.980000 2.250000
188.602997 0.290000 0.780000 1.030000 1.320000 2.460000
188.604004 0.290000 0.870000 1.670000 1.640000 2.700000
188.604996 0.290000 0.960000 2.340000 1.920000 2.960000
188.606003 0.290000 1.050000 3.010000 2.160000 3.250000
188.606995 0.290000 1.130000 3.620000 2.330000 3.550000
188.608002 0.290000 1.220000 4.130000 2.440000 3.850000
188.608994 0.290000 1.300000 4.500000 2.480000 4.150000
188.610001 0.290000 1.390000 4.710000 2.460000 4.430000
188.610992 0.290000 1.490000 4.740000 2.370000 4.690000
188.612000 0.290000 1.610000 4.570000 2.230000 4.920000
188.613007 0.290000 1.750000 4.220000 2.050000 5.120000
188.613998 0.290000 1.930000 3.690000 1.840000 5.290000
188.615005 0.290000 2.140000 3.020000 1.620000 5.420000
188.615997 0.290000 2.390000 2.240000 1.410000 5.530000
188.617004 0.290000 2.690000 1.380000 1.230000 5.600000
188.617996 0.290000 3.030000 0.500000 1.090000 5.650000
188.619003 0.290000 3.410000 -0.350000 1.000000 5.680000
188.619995 0.290000 3.820000 -1.140000 0.990000 5.680000
188.621002 0.290000 4.240000 -1.820000 1.040000 5.660000
188.621994 0.290000 4.670000 -2.350000 1.170000 5.620000
188.623001 0.290000 5.080000 -2.710000 1.380000 5.550000
188.623993 0.290000 5.460000 -2.880000 1.660000 5.440000
188.625000 0.290000 5.780000 -2.860000 1.990000 5.300000
188.626007 0.290000 6.030000 -2.670000 2.370000 5.120000
188.626999 0.290000 6.190000 -2.310000 2.760000 4.900000
188.628006 0.290000 6.260000 -1.820000 3.160000 4.630000
188.628998 0.290000 6.210000 -1.240000 3.530000 4.320000
188.630005 0.290000 6.060000 -0.590000 3.860000 3.970000
188.630997 0.290000 5.810000 0.070000 4.120000 3.590000
188.632004 0.290000 5.470000 0.700000 4.300000 3.190000
188.632996 0.290000 5.060000 1.280000 4.370000 2.790000
188.634003 0.290000 4.600000 1.770000 4.320000 2.400000
188.634995 0.290000 4.120000 2.140000 4.160000 2.030000
188.636002 0.290000 3.630000 2.390000 3.890000 1.720000
188.636993 0.290000 3.180000 2.520000 3.510000 1.460000
188.638000 0.290000 2.780000 2.530000 3.040000 1.270000
188.639008 0.290000 2.450000 2.440000 2.500000 1.180000
188.639999 0.290000 2.220000 2.280000 1.920000 1.170000
188.641006 0.290000 2.080000 2.070000 1.320000 1.250000
188.641998 0.290000 2.040000 1.840000 0.730000 1.410000
188.643005 0.290000 2.110000 1.620000 0.180000 1.630000
188.643997 0.290000 2.260000 1.450000 -0.300000 1.900000
188.645004 0.290000 2.490000 1.350000 -0.700000 2.210000
188.645996 0.290000 2.770000 1.340000 -0.990000 2.510000
188.647003 0.290000 3.070000 1.420000 -1.170000 2.780000
188.647995 0.290000 3.380000 1.610000 -1.230000 3.010000
188.649002 0.290000 3.680000 1.880000 -1.180000 3.160000
188.649994 0.290000 3.940000 2.230000 -1.040000 3.210000
188.651001 0.290000 4.150000 2.640000 -0.810000 3.160000
188.651993 0.290000 4.310000 3.090000 -0.530000 2.980000
188.653000 0.290000 4.400000 3.540000 -0.220000 2.690000
188.654007 0.290000 4.430000 3.950000 0.090000 2.300000
188.654999 0.290000 4.420000 4.310000 0.380000 1.810000
188.656006 0.290000 4.380000 4.600000 0.610000 1.240000
188.656998 0.290000 4.310000 4.790000 0.760000 0.630000
188.658005 0.290000 4.230000 4.880000 0.820000 0.010000
188.658997 0.290000 4.160000 4.840000 0.790000 -0.600000
188.660004 0.290000 4.110000 4.700000 0.650000 -1.150000
188.660995 0.290000 4.080000 4.470000 0.430000 -1.620000
188.662003 0.290000 4.090000 4.150000 0.120000 -1.990000
188.662994 0.290000 4.110000 3.770000 -0.250000 -2.220000
188.664001 0.290000 4.140000 3.350000 -0.660000 -2.310000
188.664993 0.290000 4.170000 2.920000 -1.070000 -2.260000
188.666000 0.290000 4.190000 2.490000 -1.470000 -2.050000
188.667007 0.290000 4.160000 2.100000 -1.830000 -1.720000
188.667999 0.290000 4.070000 1.750000 -2.120000 -1.260000
188.669006 0.290000 3.900000 1.460000 -2.330000 -0.720000
188.669998 0.290000 3.640000 1.230000 -2.440000 -0.110000
188.671005 0.290000 3.280000 1.070000 -2.450000 0.530000
188.671997 0.290000 2.830000 0.960000 -2.370000 1.160000
188.673004 0.290000 2.280000 0.890000 -2.190000 1.760000
188.673996 0.290000 1.660000 0.860000 -1.940000 2.290000
188.675003 0.290000 0.990000 0.840000 -1.630000 2.730000
188.675995 0.290000 0.310000 0.820000 -1.280000 3.050000
188.677002 0.290000 -0.360000 0.790000 -0.920000 3.250000
188.677994 0.290000 -0.990000 0.720000 -0.560000 3.320000
188.679001 0.290000 -1.540000 0.620000 -0.220000 3.250000
188.679993 0.290000 -1.980000 0.480000 0.080000 3.070000
188.681000 0.290000 -2.290000 0.300000 0.340000 2.790000
188.682007 0.290000 -2.470000 0.090000 0.540000 2.420000
188.682999 0.290000 -2.500000 -0.160000 0.690000 2.000000
188.684006 0.290000 -2.400000 -0.410000 0.790000 1.540000
188.684998 0.290000 -2.190000 -0.670000 0.860000 1.080000
188.686005 0.290000 -1.890000 -0.910000 0.900000 0.650000
188.686996 0.290000 -1.540000 -1.130000 0.930000 0.260000
188.688004 0.290000 -1.180000 -1.310000 0.950000 -0.060000
188.688995 0.290000 -0.830000 -1.440000 0.980000 -0.310000
188.690002 0.290000 -0.540000 -1.520000 1.020000 -0.470000
188.690994 0.290000 -0.330000 -1.550000 1.080000 -0.540000
188.692001 0.290000 -0.230000 -1.520000 1.150000 -0.540000
188.692993 0.290000 -0.240000 -1.450000 1.220000 -0.460000
188.694000 0.290000 -0.350000 -1.340000 1.280000 -0.330000
188.695007 0.290000 -0.570000 -1.220000 1.330000 -0.170000
188.695999 0.290000 -0.860000 -1.080000 1.340000 0.010000
188.697006 0.290000 -1.190000 -0.940000 1.300000 0.190000
188.697998 0.290000 -1.520000 -0.810000 1.190000 0.340000
188.699005 0.290000 -1.810000 -0.700000 1.010000 0.450000
188.699997 0.290000 -2.010000 -0.620000 0.750000 0.510000
188.701004 0.290000 -2.100000 -0.570000 0.410000 0.510000
188.701996 0.300000 -2.050000 -0.540000 -0.010000 0.450000
188.703003 0.300000 -1.840000 -0.530000 -0.500000 0.320000
188.703995 0.300000 -1.470000 -0.540000 -1.030000 0.150000
188.705002 0.300000 -0.950000 -0.560000 -1.580000 -0.060000
188.705994 0.300000 -0.300000 -0.570000 -2.130000 -0.300000
188.707001 0.300000 0.430000 -0.570000 -2.650000 -0.540000
188.707993 0.300000 1.200000 -0.550000 -3.120000 -0.780000
188.709000 0.300000 1.950000 -0.520000 -3.500000 -0.980000
188.710007 0.300000 2.620000 -0.450000 -3.780000 -1.150000
188.710999 0.300000 3.170000 -0.360000 -3.940000 -1.260000
188.712006 0.300000 3.550000 -0.260000 -3.980000 -1.310000
188.712997 0.300000 3.710000 -0.140000 -3.890000 -1.290000
188.714005 0.300000 3.650000 -0.020000 -3.690000 -1.210000
188.714996 0.300000 3.340000 0.080000 -3.380000 -1.080000
188.716003 0.300000 2.800000 0.160000 -2.990000 -0.890000
188.716995 0.300000 2.070000 0.220000 -2.550000 -0.680000
188.718002 0.300000 1.180000 0.230000 -2.080000 -0.450000
188.718994 0.300000 0.200000 0.200000 -1.610000 -0.210000
188.720001 0.300000 -0.820000 0.120000 -1.170000 0.020000
188.720993 0.300000 -1.800000 0.000000 -0.780000 0.220000
188.722000 0.300000 -2.680000 -0.160000 -0.460000 0.380000
188.723007 0.300000 -3.380000 -0.340000 -0.230000 0.490000
188.723999 0.300000 -3.860000 -0.520000 -0.080000 0.560000
188.725006 0.300000 -4.070000 -0.700000 -0.020000 0.570000
188.725998 0.300000 -4.010000 -0.850000 -0.040000 0.540000
188.727005 0.310000 -3.650000 -0.950000 -0.140000 0.460000
188.727997 0.310000 -3.030000 -1.000000 -0.280000 0.340000
188.729004 0.310000 -2.160000 -0.990000 -0.470000 0.200000
188.729996 0.310000 -1.120000 -0.890000 -0.660000 0.040000
188.731003 0.310000 0.040000 -0.730000 -0.860000 -0.140000
188.731995 0.310000 1.250000 -0.500000 -1.030000 -0.320000
188.733002 0.310000 2.440000 -0.210000 -1.180000 -0.500000
188.733994 0.310000 3.530000 0.120000 -1.280000 -0.670000
188.735001 0.300000 4.450000 0.460000 -1.340000 -0.840000
188.735992 0.300000 5.150000 0.800000 -1.360000 -1.010000
188.737000 0.300000 5.600000 1.110000 -1.340000 -1.180000
188.738007 0.300000 5.760000 1.360000 -1.290000 -1.350000
188.738998 0.300000 5.650000 1.530000 -1.210000 -1.530000
188.740005 0.300000 5.270000 1.610000 -1.130000 -1.710000
188.740997 0.300000 4.650000 1.590000 -1.040000 -1.910000
188.742004 0.300000 3.850000 1.450000 -0.960000 -2.120000
188.742996 0.310000 2.930000 1.210000 -0.890000 -2.330000
188.744003 0.310000 1.930000 0.870000 -0.840000 -2.540000
188.744995 0.310000 0.950000 0.440000 -0.790000 -2.740000
188.746002 0.310000 0.030000 -0.040000 -0.760000 -2.920000
188.746994 0.310000 -0.750000 -0.570000 -0.730000 -3.070000
188.748001 0.310000 -1.360000 -1.090000 -0.700000 -3.170000
188.748993 0.320000 -1.760000 -1.600000 -0.650000 -3.210000
188.750000 0.320000 -1.930000 -2.050000 -0.580000 -3.180000
188.751007 0.320000 -1.870000 -2.430000 -0.480000 -3.080000
188.751999 0.320000 -1.580000 -2.710000 -0.360000 -2.900000
188.753006 0.320000 -1.100000 -2.870000 -0.200000 -2.640000
188.753998 0.320000 -0.460000 -2.920000 -0.010000 -2.320000
188.755005 0.320000 0.290000 -2.840000 0.200000 -1.930000
188.755997 0.320000 1.090000 -2.640000 0.420000 -1.500000
188.757004 0.320000 1.900000 -2.340000 0.640000 -1.050000
188.757996 0.310000 2.660000 -1.960000 0.860000 -0.600000
188.759003 0.310000 3.320000 -1.500000 1.050000 -0.170000
188.759995 0.310000 3.860000 -1.010000 1.200000 0.220000
188.761002 0.310000 4.230000 -0.490000 1.320000 0.540000
188.761993 0.310000 4.430000 0.010000 1.380000 0.790000
188.763000 0.310000 4.450000 0.480000 1.390000 0.930000
188.764008 0.310000 4.300000 0.900000 1.350000 0.970000
188.764999 0.310000 4.010000 1.240000 1.260000 0.900000
188.766006 0.310000 3.600000 1.510000 1.130000 0.740000
188.766998 0.310000 3.100000 1.690000 0.980000 0.480000
188.768005 0.310000 2.560000 1.770000 0.810000 0.140000
188.768997 0.310000 2.010000 1.760000 0.640000 -0.250000
188.770004 0.310000 1.490000 1.660000 0.490000 -0.680000
188.770996 0.310000 1.040000 1.480000 0.350000 -1.110000
188.772003 0.310000 0.660000 1.240000 0.250000 -1.520000
188.772995 0.310000 0.390000 0.930000 0.190000 -1.890000
188.774002 0.310000 0.230000 0.570000 0.160000 -2.200000
188.774994 0.310000 0.170000 0.170000 0.170000 -2.420000
188.776001 0.320000 0.210000 -0.250000 0.210000 -2.550000
188.776993 0.320000 0.340000 -0.690000 0.270000 -2.570000
188.778000 0.320000 0.510000 -1.130000 0.340000 -2.490000
188.779007 0.320000 0.720000 -1.580000 0.410000 -2.300000
188.779999 0.320000 0.940000 -2.010000 0.480000 -2.030000
188.781006 0.320000 1.130000 -2.430000 0.530000 -1.670000
188.781998 0.320000 1.290000 -2.820000 0.570000 -1.260000
188.783005 0.320000 1.380000 -3.170000 0.570000 -0.810000
188.783997 0.320000 1.410000 -3.490000 0.560000 -0.340000
188.785004 0.320000 1.370000 -3.760000 0.530000 0.130000
188.785995 0.320000 1.260000 -3.980000 0.490000 0.570000
188.787003 0.320000 1.080000 -4.130000 0.440000 0.960000
188.787994 0.320000 0.860000 -4.230000 0.400000 1.290000
188.789001 0.320000 0.610000 -4.250000 0.370000 1.550000
188.789993 0.330000 0.350000 -4.210000 0.370000 1.730000
188.791000 0.330000 0.090000 -4.110000 0.390000 1.820000
188.792007 0.330000 -0.140000 -3.940000 0.440000 1.820000
188.792999 0.330000 -0.340000 -3.730000 0.510000 1.740000
188.794006 0.330000 -0.510000 -3.480000 0.610000 1.590000
188.794998 0.330000 -0.620000 -3.200000 0.720000 1.370000
188.796005 0.330000 -0.710000 -2.910000 0.840000 1.110000
188.796997 0.340000 -0.760000 -2.620000 0.950000 0.810000
188.798004 0.340000 -0.800000 -2.360000 1.030000 0.490000
188.798996 0.340000 -0.850000 -2.140000 1.080000 0.170000
188.800003 0.350000 -0.910000 -1.960000 1.090000 -0.150000
188.800995 0.350000 -1.010000 -1.840000 1.040000 -0.440000
188.802002 0.350000 -1.160000 -1.790000 0.950000 -0.700000
188.802994 0.350000 -1.370000 -1.800000 0.800000 -0.930000
188.804001 0.350000 -1.640000 -1.880000 0.600000 -1.110000
188.804993 0.360000 -1.950000 -2.000000 0.360000 -1.250000
188.806000 0.360000 -2.320000 -2.170000 0.100000 -1.360000
188.807007 0.350000 -2.700000 -2.360000 -0.180000 -1.420000
188.807999 0.350000 -3.070000 -2.560000 -0.460000 -1.460000
188.809006 0.350000 -3.410000 -2.750000 -0.730000 -1.480000
188.809998 0.350000 -3.680000 -2.900000 -0.970000 -1.490000
188.811005 0.340000 -3.850000 -3.010000 -1.180000 -1.500000
188.811996 0.340000 -3.890000 -3.050000 -1.350000 -1.510000
188.813004 0.330000 -3.780000 -3.020000 -1.490000 -1.540000
188.813995 0.320000 -3.510000 -2.920000 -1.580000 -1.590000
188.815002 0.320000 -3.070000 -2.740000 -1.650000 -1.660000
188.815994 0.310000 -2.470000 -2.500000 -1.700000 -1.770000
188.817001 0.310000 -1.740000 -2.210000 -1.740000 -1.900000
188.817993 0.300000 -0.890000 -1.870000 -1.790000 -2.050000
188.819000 0.300000 0.030000 -1.520000 -1.840000 -2.220000
188.820007 0.300000 0.980000 -1.180000 -1.910000 -2.390000
188.820999 0.300000 1.920000 -0.860000 -2.010000 -2.570000
188.822006 0.300000 2.780000 -0.590000 -2.140000 -2.740000
188.822998 0.300000 3.530000 -0.390000 -2.270000 -2.890000
188.824005 0.310000 4.130000 -0.260000 -2.420000 -3.000000
188.824997 0.310000 4.540000 -0.220000 -2.550000 -3.060000
188.826004 0.320000 4.760000 -0.260000 -2.660000 -3.080000
188.826996 0.320000 4.770000 -0.380000 -2.730000 -3.040000
188.828003 0.320000 4.580000 -0.570000 -2.740000 -2.930000
188.828995 0.330000 4.210000 -0.810000 -2.670000 -2.750000
188.830002 0.330000 3.700000 -1.090000 -2.510000 -2.500000
188.830994 0.330000 3.080000 -1.370000 -2.270000 -2.190000
188.832001 0.330000 2.390000 -1.630000 -1.930000 -1.810000
188.832993 0.330000 1.700000 -1.850000 -1.510000 -1.370000
188.834000 0.330000 1.030000 -2.000000 -1.010000 -0.870000
188.835007 0.330000 0.430000 -2.080000 -0.470000 -0.330000
188.835999 0.320000 -0.050000 -2.060000 0.090000 0.240000
188.837006 0.320000 -0.400000 -1.940000 0.650000 0.830000
188.837997 0.320000 -0.610000 -1.730000 1.180000 1.430000
188.839005 0.320000 -0.680000 -1.430000 1.640000 2.020000
188.839996 0.310000 -0.610000 -1.050000 2.010000 2.600000
188.841003 0.310000 -0.430000 -0.620000 2.280000 3.140000
188.841995 0.310000 -0.170000 -0.160000 2.420000 3.630000
188.843002 0.310000 0.140000 0.320000 2.440000 4.050000
188.843994 0.310000 0.460000 0.780000 2.340000 4.390000
188.845001 0.310000 0.750000 1.200000 2.120000 4.630000
188.845993 0.320000 0.980000 1.560000 1.820000 4.770000
188.847000 0.320000 1.140000 1.860000 1.450000 4.800000
188.848007 0.320000 1.190000 2.080000 1.040000 4.710000
188.848999 0.320000 1.140000 2.210000 0.620000 4.490000
188.850006 0.320000 1.000000 2.260000 0.230000 4.150000
188.850998 0.320000 0.760000 2.250000 -0.120000 3.700000
188.852005 0.320000 0.450000 2.170000 -0.390000 3.150000
188.852997 0.320000 0.110000 2.060000 -0.580000 2.520000
188.854004 0.320000 -0.250000 1.920000 -0.670000 1.840000
188.854996 0.320000 -0.580000 1.790000 -0.670000 1.120000
188.856003 0.310000 -0.870000 1.670000 -0.590000 0.410000
188.856995 0.310000 -1.080000 1.580000 -0.450000 -0.270000
188.858002 0.310000 -1.210000 1.530000 -0.260000 -0.880000
188.858994 0.310000 -1.230000 1.530000 -0.040000 -1.390000
188.860001 0.300000 -1.150000 1.570000 0.170000 -1.760000
188.860992 0.300000 -0.980000 1.660000 0.350000 -1.990000
188.862000 0.300000 -0.730000 1.780000 0.480000 -2.050000
188.863007 0.300000 -0.420000 1.920000 0.550000 -1.940000
188.863998 0.300000 -0.080000 2.060000 0.550000 -1.640000
188.865005 0.310000 0.270000 2.170000 0.470000 -1.190000
188.865997 0.310000 0.610000 2.250000 0.310000 -0.590000
188.867004 0.310000 0.900000 2.270000 0.100000 0.120000
188.867996 0.310000 1.140000 2.220000 -0.160000 0.900000
188.869003 0.310000 1.300000 2.080000 -0.440000 1.730000
188.869995 0.320000 1.390000 1.860000 -0.710000 2.540000
188.871002 0.320000 1.400000 1.560000 -0.970000 3.310000
188.871994 0.320000 1.350000 1.180000 -1.180000 3.980000
188.873001 0.320000 1.240000 0.730000 -1.330000 4.510000
188.873993 0.320000 1.090000 0.230000 -1.400000 4.870000
188.875000 0.310000 0.930000 -0.280000 -1.380000 5.060000
188.876007 0.310000 0.760000 -0.800000 -1.290000 5.050000
188.876999 0.310000 0.620000 -1.300000 -1.120000 4.840000
188.878006 0.310000 0.510000 -1.740000 -0.880000 4.450000
188.878998 0.300000 0.440000 -2.110000 -0.590000 3.900000
188.880005 0.300000 0.430000 -2.380000 -0.280000 3.230000
188.880997 0.300000 0.480000 -2.560000 0.040000 2.460000
188.882004 0.300000 0.580000 -2.620000 0.350000 1.650000
188.882996 0.300000 0.740000 -2.560000 0.620000 0.840000
188.884003 0.300000 0.930000 -2.400000 0.850000 0.060000
188.884995 0.310000 1.160000 -2.140000 1.010000 -0.640000
188.886002 0.310000 1.410000 -1.790000 1.100000 -1.230000
188.886993 0.310000 1.670000 -1.380000 1.120000 -1.690000
188.888000 0.310000 1.930000 -0.930000 1.070000 -2.000000
188.889008 0.310000 2.170000 -0.460000 0.950000 -2.160000
188.889999 0.310000 2.410000 0.000000 0.790000 -2.190000
188.891006 0.310000 2.620000 0.430000 0.580000 -2.080000
188.891998 0.310000 2.820000 0.810000 0.350000 -1.880000
188.893005 0.310000 2.990000 1.130000 0.110000 -1.600000
188.893997 0.310000 3.140000 1.370000 -0.130000 -1.280000
188.895004 0.310000 3.260000 1.530000 -0.360000 -0.950000
188.895996 0.300000 3.360000 1.610000 -0.570000 -0.650000
188.897003 0.300000 3.440000 1.600000 -0.750000 -0.400000
188.897995 0.300000 3.480000 1.520000 -0.900000 -0.230000
188.899002 0.290000 3.490000 1.380000 -1.030000 -0.130000
188.899994 0.290000 3.460000 1.200000 -1.120000 -0.120000
188.901001 0.290000 3.390000 0.980000 -1.180000 -0.200000
188.901993 0.290000 3.270000 0.760000 -1.220000 -0.350000
188.903000 0.300000 3.100000 0.550000 -1.230000 -0.570000
188.904007 0.300000 2.870000 0.360000 -1.220000 -0.820000
188.904999 0.310000 2.590000 0.210000 -1.180000 -1.090000
188.906006 0.310000 2.270000 0.120000 -1.120000 -1.340000
188.906998 0.320000 1.900000 0.090000 -1.030000 -1.570000
188.908005 0.330000 1.510000 0.120000 -0.910000 -1.750000
188.908997 0.330000 1.100000 0.220000 -0.750000 -1.860000
188.910004 0.330000 0.690000 0.390000 -0.560000 -1.910000
188.910995 0.340000 0.300000 0.620000 -0.330000 -1.900000
188.912003 0.340000 -0.060000 0.910000 -0.060000 -1.830000
188.912994 0.340000 -0.380000 1.240000 0.230000 -1.720000
188.914001 0.340000 -0.640000 1.590000 0.550000 -1.580000
188.914993 0.330000 -0.830000 1.960000 0.890000 -1.440000
188.916000 0.330000 -0.960000 2.330000 1.230000 -1.330000
0.000000 0.000000 0.000000 0.000000 0.000000 0.000000
