1: 0.000 0.000 0.000 0.000
2: 0.000 0.0002: 0.000 0.000 0.000 0.000
3: 0.000 0.000 0.000 0.000
4: 0.000 0.000 0.000 0.000
5: 0.000 0.000 0.000 0.000
6: 0.000 0.000 0.000 0.000
7: 0.000 0.000 0.000 0.000
8: 0.000 0.000 0.000 0.000
9: 0.000 0.000 0.000 0.000
10: 0.000 0.000 0.000 0.000
11: 0.000 0.000 0.000 0.000
12: 0.000 0.000 0.000 0.000
13: 0.000 0.000 0.000 0.000
14: 0.000 0.000 0.000 0.000
15: 0.000 0.000 0.000 0.000
16: 0.000 0.000 0.000 0.000
17: 0.000 0.000 0.000 0.000
18: 0.000 0.000 0.000 0.000
19: 0.000 0.000 0.000 0.000
20: 0.000 0.000 0.000 0.000
21: 0.000 0.000 0.000 0.000
22: 0.000 0.000 0.000 0.000
23: 0.000 0.000 0.000 0.000
24: 0.000 0.000 0.000 0.000
25: 0.000 0.000 0.000 0.000
26: 0.000 0.000 0.000 0.000
27: 0.000 0.000 0.000 0.000
28: 0.000 0.000 0.000 0.000
29: 0.000 0.000 0.000 0.000
30: 0.000 0.000 0.000 0.000
31: 0.000 0.000 0.000 0.000
32: 0.000 0.000 0.000 0.000
33: 0.000 0.000 0.000 0.000
34: 0.000 0.000 0.000 0.000
35: 0.000 0.000 0.000 0.000
36: 0.000 0.000 0.000 0.000
37: 0.000 0.000 0.000 0.000
38: 0.000 0.000 0.000 0.000
39: 0.000 0.000 0.000 0.000
40: 0.000 0.000 0.000 0.000
41: 0.000 0.000 0.000 0.000
42: 0.000 0.000 0.000 0.000
43: 0.000 0.000 0.000 0.000
44: 0.000 0.000 0.000 0.000
45: 0.000 0.000 0.000 0.000
46: 0.000 0.000 0.000 0.000
47: 0.000 0.000 0.000 0.000
48: 0.000 0.000 0.000 0.000
49: 0.000 0.000 0.000 0.000
50: 0.000 0.000 0.000 0.000
51: 0.000 0.000 0.000 0.000
52: 0.000 0.000 0.000 0.000
53: 0.000 0.000 0.000 0.000
54: 0.000 0.000 0.000 0.000
55: 0.000 0.000 0.000 0.000
56: 0.000 0.000 0.000 0.000
57: 0.000 0.000 0.000 0.000
58: 0.000 0.000 0.000 0.000
59: 0.000 0.000 0.000 0.000
60: 0.000 0.000 0.000 0.000
61: 0.000 0.000 0.000 0.000
62: 0.000 0.000 0.000 0.000
63: 0.000 0.000 0.000 0.000
64: 0.000 0.000 0.000 0.000
65: 0.000 0.000 0.000 0.000
66: 0.000 0.000 0.000 0.000
67: 0.000 0.000 0.000 0.000
68: 0.000 0.000 0.000 0.000
69: 0.000 0.000 0.000 0.000
70: 0.000 0.000 0.000 0.000
71: 0.000 0.000 0.000 0.000
72: 0.000 0.000 0.000 0.000
73: 0.000 0.000 0.000 0.000
74: 0.000 0.000 0.000 0.000
75: 0.000 0.000 0.000 0.000
76: 0.000 0.000 0.000 0.000
77: 0.000 0.000 0.000 0.000
78: 0.000 0.000 0.000 0.000
79: 0.000 0.000 0.000 0.000
80: 0.000 0.000 0.000 0.000
81: 0.000 0.000 0.000 0.000
82: 0.000 0.000 0.000 0.000
83: 0.000 0.000 0.000 0.000
84: 0.000 0.000 0.000 0.000
85: 0.000 0.000 0.000 0.000
86: 0.000 0.000 0.000 0.000
87: 0.000 0.000 0.000 0.000
88: 0.000 0.000 0.000 0.000
89: 0.000 0.000 0.000 0.000
90: 0.000 0.000 0.000 0.000
91: 0.000 0.000 0.000 0.000
92: 0.000 0.000 0.000 0.000
93: 0.000 0.000 0.000 0.000
94: 0.000 0.000 0.000 0.000
95: 0.000 0.000 0.000 0.000
96: 0.000 0.000 0.000 0.000
97: 0.000 0.000 0.000 0.000
98: 0.000 0.000 0.000 0.000
99: 0.000 0.000 0.000 0.000
100: 0.000 0.000 0.000 0.000
101: 0.000 0.000 0.000 0.000
102: 0.000 0.000 0.000 0.000
103: 0.000 0.000 0.000 0.000
104: 0.000 0.000 0.000 0.000
105: 0.000 0.000 0.000 0.000
106: 0.000 0.000 0.000 0.000
107: 0.000 0.000 0.000 0.000
108: 0.000 0.000 0.000 0.000
109: 0.000 0.000 0.000 0.000
110: 0.000 0.000 0.000 0.000
111: 0.000 0.000 0.000 0.000
112: 0.000 0.000 0.000 0.000
113: 0.000 0.000 0.000 0.000
114: 0.000 0.000 0.000 0.000
115: 0.000 0.000 0.000 0.000
116: 0.000 0.000 0.000 0.000
117: 0.000 0.000 0.000 0.000
118: 0.000 0.000 0.000 0.000
119: 0.000 0.000 0.000 0.000
120: 0.000 0.000 0.000 0.000
121: 0.000 0.000 0.000 0.000
122: 0.000 0.000 0.000 0.000
123: 0.000 0.000 0.000 0.000
124: 0.000 0.000 0.000 0.000
125: 0.000 0.000 0.000 0.000
126: 0.000 0.000 0.000 0.000
127: 0.000 0.000 0.000 0.000
128: 0.000 0.000 0.000 0.000
129: 0.000 0.000 0.000 0.000
130: 0.000 0.000 0.000 0.000
131: 0.000 0.000 0.000 0.000
132: 0.000 0.000 0.000 0.000
133: 0.000 0.000 0.000 0.000
134: 0.000 0.000 0.000 0.000
135: 0.000 0.000 0.000 0.000
136: 0.000 0.000 0.000 0.000
137: 0.000 0.000 0.000 0.000
138: 0.000 0.000 0.000 0.000
139: 0.000 0.000 0.000 0.000
140: 0.000 0.000 0.000 0.000
141: 0.000 0.000 0.000 0.000
142: 0.000 0.000 0.000 0.000
143: 0.000 0.000 0.000 0.000
144: 0.000 0.000 0.000 0.000
145: 0.000 0.000 0.000 0.000
146: 0.000 0.000 0.000 0.000
147: 0.000 0.000 0.000 0.000
148: 0.000 0.000 0.000 0.000
149: 0.000 0.000 0.000 0.000
150: 0.000 0.000 0.000 0.000
151: 0.000 0.000 0.000 0.000
152: 0.000 0.000 0.000 0.000
153: 0.000 0.000 0.000 0.000
154: 0.000 0.000 0.000 0.000
155: 0.000 0.000 0.000 0.000
156: 0.000 0.000 0.000 0.000
157: 0.000 0.000 0.000 0.000
158: 0.000 0.000 0.000 0.000
159: 0.000 0.000 0.000 0.000
160: 0.000 0.000 0.000 0.000
161: 0.000 0.000 0.000 0.000
162: 0.000 0.000 0.000 0.000
163: 0.000 0.000 0.000 0.000
164: 0.000 0.000 0.000 0.000
165: 0.000 0.000 0.000 0.000
166: 0.000 0.000 0.000 0.000
167: 0.000 0.000 0.000 0.000
168: 0.000 0.000 0.000 0.000
169: 0.000 0.000 0.000 -0.000
170: 0.000 0.000 -0.000 0.000
171: 0.000 0.000 -0.000 0.000
172: 0.000 -0.001 0.000 0.000
173: 0.000 0.000 0.000 -0.000
174: -0.001 0.000 0.000 -0.000
175: 0.000 0.000 -0.000 0.000
176: 0.000 0.000 -0.000 -0.000
177: -0.000 -0.001 0.000 0.000
178: -0.001 -0.001 0.000 848295293387540708332666880.000
179: 78982758232636560949369047546331136.000 281466744130537166733312.000 4544820010223581929211126874112.000 0.000
180: -0.001 -31561278965170569216.000 0.000 -0.000
181: -0.001 -0.001 0.000 -0.001
182: -0.001 0.000 0.000 -0.001
183: 0.000 -0.000 0.000 0.000
184: -0.001 0.000 0.000 -0.000
185: 0.000 0.000 -0.000 32.000
186: 0.000 -0.001 0.000 -0.000
187: -0.000 -0.001 0.000 0.000
188: 0.000 0.000 0.000 -0.000
189: -0.001 0.000 0.000 -0.000
190: 0.000 0.000 0.000 -0.001
191: -31561278965170569216.000 -0.001 0.000 0.000
192: -0.001 -0.001 0.000 0.000
193: 0.000 -0.000 0.000 0.000
194: 0.000 0.000 0.000 0.000
195: 0.000 0.000 0.000 0.000
196: 0.000 -0.000 -0.001 0.000
197: 0.000 0.000 -0.000 0.000
198: -0.000 -0.000 -0.000 -0.000
199: -0.000 -0.000 -0.000 -0.000
200: -0.000 -0.000 -0.000 -0.000
201: -0.000 -0.000 -0.000 -0.000
202: -0.000 -0.000 -0.000 -0.000
203: -0.000 -0.000 -0.000 -0.000
204: -0.000 -0.000 -0.000 0.000
205: 0.000 0.000 0.000 0.000
206: 0.000 0.000 0.000 0.000
207: 0.000 0.000 0.000 0.000
208: 0.000 0.000 0.000 0.000
209: 0.000 0.000 0.000 0.000
210: 0.000 0.000 0.000 0.000
211: 0.000 0.000 0.000 0.000
212: 0.000 0.000 0.000 0.000
213: 0.000 0.000 0.000 0.000
214: 0.000 0.000 0.000 0.000
215: 0.000 0.000 0.000 0.000
216: 0.000 0.000 0.000 0.000
217: 0.000 0.000 0.000 0.000
218: 0.000 0.000 0.000 0.000
219: 0.000 0.000 0.000 0.000
220: 0.000 0.000 0.000 0.000
221: 0.000 0.000 0.000 0.000
222: 0.000 0.000 0.000 0.000
223: 0.000 0.000 0.000 0.000
224: 0.000 0.000 0.000 0.000
225: 0.000 0.000 0.000 0.000
226: 0.000 0.000 0.000 0.000
227: 0.000 0.000 0.000 0.000
228: 0.000 0.000 0.000 0.000
229: 0.000 0.000 0.000 0.000
230: 0.000 0.000 0.000 0.000
231: 0.000 0.000 0.000 0.000
232: 0.000 0.000 0.000 0.000
233: 0.000 0.000 0.000 0.000
234: 0.000 0.000 0.000 0.000
235: 0.000 0.000 0.000 0.000
236: 0.000 0.000 0.000 0.000
237: 0.000 0.000 0.000 0.000
238: 0.000 0.000 0.000 0.000
239: 0.000 0.000 0.000 0.000
240: 0.000 0.000 0.000 0.000
241: 0.000 0.000 0.000 0.000
242: 0.000 0.000 0.000 0.000
243: 0.000 0.000 0.000 0.000
244: 0.000 0.000 0.000 0.000
245: 0.000 0.000 0.000 0.000
246: 0.000 0.000 0.000 0.000
247: 0.000 0.000 0.000 0.000
248: 0.000 0.000 0.000 0.000
249: 0.000 0.000 0.000 0.000
250: 0.000 0.000 0.000 0.000
251: 0.000 0.000 0.000 0.000
252: 0.000 0.000 0.000 0.000
253: 0.000 0.000 0.000 0.000
254: 0.000 0.000 0.000 0.000
255: 0.000 0.000 0.000 0.000
256: 0.000 0.000 0.000 0.000
257: 0.000 0.000 0.000 0.000
258: 0.000 0.000 0.000 0.000
259: 0.000 0.000 0.000 0.000
260: 0.000 0.000 0.000 0.000
261: 0.000 0.000 0.000 0.000
262: 0.000 0.000 0.000 0.000
263: 0.000 0.000 0.000 0.000
264: 0.000 0.000 0.000 0.000
265: 0.000 0.000 0.000 0.000
266: 0.000 0.000 0.000 0.000
267: 0.000 0.000 0.000 0.000
268: 0.000 0.000 0.000 0.000
269: 0.000 0.000 0.000 0.000
270: 0.000 0.000 0.000 0.000
271: 0.000 0.000 0.000 0.000
272: 0.000 0.000 0.000 -0.000
273: 0.000 0.000 -0.000 -0.000
274: 0.000 0.000 -0.000 0.000
275: -0.001 0.000 0.000 0.000
276: -0.000 0.000 0.000 -0.000
277: 0.000 0.000 0.000 0.000
278: 0.000 -0.001 0.000 -0.000
279: 0.000 0.000 -0.000 -0.000
280: -0.001 0.000 -0.001 0.000
281: 0.000 -0.000 0.000 0.000
282: -0.001 0.000 -0.001 0.000
283: 0.000 2.000 0.000 0.000
284: -0.001 -0.001 0.000 0.000
285: 0.000 0.000 0.000 0.000
286: 0.000 0.000 0.000 0.000
287: 0.000 0.000 0.000 0.000
288: -31561278965170569216.000 -0.001 0.000 0.000
289: -0.001 0.000 32.000 0.000
290: -0.001 0.000 -0.001 -0.000
291: -0.001 -0.001 nan 0.000
292: 0.000 -0.001 -0.001 0.000
293: -31561278965170569216.000 0.000 -0.000 0.000
294: -0.001 -0.001 0.000 0.000
295: 0.000 0.000 0.000 203709377907110661808559749070848.000
296: 0.000 0.000 0.000 203709377907110661808559749070848.000
297: 0.000 0.000 0.000 -0.001
298: -0.001 -31561278965170569216.000 -0.001 0.000
299: -0.001 -0.001 0.000 -0.000
300: -0.000 -0.000 -0.000 -0.000
301: -0.000 -0.000 -0.000 -0.000
302: -0.000 -0.000 -0.000 -0.000
303: -0.000 -0.000 -0.000 -0.000
304: -0.000 -0.000 -0.000 -0.000
305: -0.000 -0.000 0.000 0.000
306: -0.001 0.000 0.000 0.000
307: -0.001 0.000 0.000 0.000
308: -0.001 0.000 -0.001 0.000
309: -0.001 0.000 -0.001 0.000
310: 0.000 -0.001 0.000 -0.001
311: -0.001 0.000 0.000 -0.001
312: -0.001 -0.001 0.000 0.000
313: 0.000 -0.001 -0.001 -0.001
314: 0.000 0.000 -0.001 -0.001
315: 0.000 0.000 0.000 -0.001
316: -0.001 0.000 0.000 0.000
317: -0.001 -0.001 0.000 0.000
318: 0.000 0.000 0.000 0.000
319: 0.000 -0.001 0.000 -0.001
320: -0.001 -0.001 0.000 0.000
321: 0.000 0.000 -0.001 0.000
322: 0.000 0.000 -0.001 0.000
323: -0.001 0.000 0.000 0.000
324: 0.000 0.000 0.000 0.000
325: 0.000 0.000 0.000 0.000
326: 0.000 0.000 0.000 0.000
327: 0.000 0.000 0.000 0.000
328: 0.000 0.000 0.000 0.000
329: 0.000 0.000 0.000 0.000
330: 0.000 32.000 0.000 -0.001
331: -0.001 -0.001 0.000 0.000
332: 0.000 0.000 0.000 0.000
333: 0.000 0.000 0.000 0.000
334: 32.000 0.000 -0.001 -0.001
335: 0.000 0.000 0.000 0.000
336: 0.000 0.000 0.000 0.000
337: 0.000 0.000 0.000 0.000
338: 0.000 0.000 0.000 0.000
339: 0.000 0.000 0.000 0.000
340: -0.001 0.000 0.000 0.000
341: 0.000 0.000 -0.001 0.000
342: -0.001 -0.001 -0.001 0.000
343: 0.000 -0.001 0.000 0.000
344: 0.000 0.000 0.000 0.000
345: -0.001 -0.001 0.000 0.000
346: -0.001 0.000 0.000 0.000
347: 0.000 0.000 0.000 0.000
348: -0.001 0.000 0.000 0.000
349: 0.000 0.000 0.000 0.000
350: 0.000 -0.001 0.000 0.000
351: 32.000 0.000 -0.001 0.000
352: 0.000 -0.001 0.000 0.000
353: 0.000 0.000 0.000 0.000
354: 0.000 5534141089759363072.000 -0.001 0.000
355: 548117541562613760.000 0.000 0.000 0.000
356: 5534141089759363072.000 -0.001 0.000 0.000
357: 0.000 0.000 0.000 -0.001
358: -0.001 548117541562613760.000 -0.001 -0.001
359: 0.000 -0.001 0.000 -0.001
360: -0.001 0.000 0.000 0.000
361: 0.000 0.000 0.000 0.000
362: 0.000 0.000 0.000 0.000
363: 0.000 0.000 0.000 0.000
364: 0.000 0.000 0.000 0.000
365: 0.000 0.000 0.000 0.000
366: 0.000 0.000 0.000 0.000
367: 0.000 0.000 0.000 0.000
368: 0.000 0.000 0.000 0.000
369: 0.000 -0.001 0.000 0.000
370: 5460948799721570304.000 0.000 0.000 0.000
371: 0.000 0.000 0.000 0.000
372: -0.001 5460948249965756416.000 0.000 0.000
373: 0.000 0.000 0.000 0.000
374: 0.000 0.000 0.000 0.000
375: 5460948249965756416.000 -0.001 0.000 0.000
376: 0.000 0.000 0.000 0.000
377: -0.001 -0.001 0.000 0.000
378: 0.000 0.000 5536700752828825600.000 0.000
379: -0.001 0.000 0.000 0.000
380: 0.000 -0.001 0.000 0.000
381: 0.000 0.000 0.000 5597974336821526528.000
382: 0.000 -0.001 0.000 0.000
383: -0.001 0.000 0.000 -0.001
384: 5556417195338104832.000 -0.001 0.000 -0.001
385: -0.001 0.000 -0.000 -0.000
386: -0.000 0.000 -0.001 nan
387: -0.000 -0.000 5543561705386147840.000 -0.000
388: 0.000 -0.001 -0.000 0.000
389: -0.001 -0.001 0.000 -0.000
390: -0.000 -0.000 -0.000 -0.000
391: -0.000 -0.000 -0.000 -0.000
392: -0.000 -0.000 -0.000 -0.000
393: -0.000 -0.000 -0.000 -0.000
394: -0.000 -0.000 -0.000 -0.000
395: -0.000 -0.000 -0.000 -0.000
396: -0.000 -0.000 -0.000 -0.000
397: -0.000 -0.000 -0.000 -0.000
398: -0.000 -0.000 -0.000 -0.000
399: -0.000 -0.000 -0.000 -0.000
400: -0.000 -0.000 -0.000 -0.000
401: -0.000 -0.000 -0.000 -0.000
402: -0.000 -0.000 -0.000 -0.000
403: -0.000 -0.000 -0.000 -0.000
404: -0.000 -0.000 -0.000 -0.000
405: -0.000 -0.000 -0.000 -0.000
406: -0.000 -0.000 -0.000 0.000
407: -0.001 -0.001 0.000 -0.001
408: -0.001 0.000 0.000 0.000
409: 0.000 0.000 0.000 0.000
410: -0.001 -0.001 0.000 0.000
411: 0.000 0.000 0.000 0.000
412: 0.000 0.000 0.000 0.000
413: 0.000 0.000 -0.001 0.000
414: -0.001 0.000 0.000 0.000
415: 0.000 -0.001 0.000 0.000
416: 0.000 -0.001 0.000 32.000
417: 0.000 -0.001 -0.001 -0.001
418: 32.000 -0.001 0.000 0.000
419: -0.001 0.000 -31561278965170569216.000 -0.001
420: -0.001 -0.001 0.000 0.000
421: 32.000 0.000 -0.001 -0.001
422: -0.001 0.000 0.000 0.000
423: 0.000 -0.001 0.000 0.000
424: 0.000 0.000 0.000 -0.001
425: 0.000 0.000 32.000 0.000
426: -0.001 -0.001 0.000 0.000
427: -0.001 0.000 -0.001 0.000
428: 0.000 -0.001 -0.001 0.000
429: 0.000 -31561278965170569216.000 0.000 0.000
430: 0.000 0.000 0.000 0.000
431: 0.000 0.000 0.000 0.000
432: 0.000 0.000 -0.001 0.000
433: 0.000 32.000 0.000 0.000
434: -0.001 0.000 0.000 -0.001
435: 5654955427419389952.000 5654955427419389952.000 0.000 -0.001
436: -31561278965170569216.000 0.000 0.000 0.000
437: -0.001 0.000 0.000 0.000
438: 0.000 0.000 0.000 0.000
439: 0.000 0.000 0.000 0.000
440: 0.000 0.000 0.000 0.000
441: -0.001 0.000 -0.001 -0.001
442: -0.001 0.000 -0.001 0.000
443: 0.000 0.000 0.000 -0.001
444: -0.001 -0.000 5654955427419389952.000 0.000
445: -0.001 0.000 0.000 0.000
446: 0.000 0.000 0.000 0.000
447: 0.000 0.000 0.000 0.000
448: 0.000 0.000 0.000 0.000
449: 0.000 0.000 0.000 0.000
450: 0.000 0.000 0.000 0.000
451: 0.000 0.000 0.000 0.000
452: 0.000 0.000 0.000 -0.000
453: -0.000 -0.000 -0.000 -0.000
454: -0.000 -0.000 -0.000 -0.000
455: -0.000 -0.000 -0.000 -0.000
456: -0.000 -0.000 -0.000 -0.000
457: -0.000 -0.000 -0.000 -0.000
458: -0.000 -0.000 -0.000 -0.000
459: -0.000 -0.000 -0.000 0.000
460: 0.000 -0.000 -0.000 -0.000
461: -0.000 -0.000 -0.000 -0.000
462: -0.000 -0.000 -0.000 -0.000
463: -0.000 -0.000 -0.000 -0.000
464: -0.000 -0.000 -0.000 -0.000
465: -0.000 -0.000 -0.000 -0.000
466: -0.000 0.000 0.000 0.000
467: -0.001 0.000 0.000 0.000
468: 0.000 0.000 0.000 0.000
469: 0.000 0.000 0.000 0.000
470: 32.000 0.000 -0.001 0.000
471: 0.000 0.000 0.000 0.000
472: 0.000 0.000 0.000 0.000
473: -0.001 0.000 0.000 5545316525944078336.000
474: -0.001 0.000 0.000 -0.001
475: -0.001 -0.001 0.000 -0.001
476: 0.000 0.000 0.000 0.000
477: 0.000 -0.001 0.000 0.000
478: 0.000 0.000 0.000 0.000
479: 0.000 0.000 0.000 0.000
480: -0.001 0.000 0.000 0.000
481: 0.000 0.000 0.000 5545316525944078336.000
482: -0.001 0.000 0.000 0.000
483: -0.001 2.001 0.000 0.000
484: 0.000 0.000 0.000 -49347331623277408164482652307456.000
485: 0.000 0.000 5543508928828014592.000 0.000
486: 0.000 -0.001 0.000 0.000
487: -0.001 0.000 5545316525944078336.000 -0.001
488: -0.001 -0.001 0.000 0.000
489: 0.000 5545316525944078336.000 0.000 0.000
490: -0.001 0.000 5545316525944078336.000 0.000
491: 0.000 -0.001 0.000 1033017597758990712832.000
492: 0.000 0.000 0.000 0.000
493: 0.000 0.000 5548188450315829248.000 5545606797013811200.000
494: 0.000 0.000 5545316525944078336.000 0.000
495: -0.001 5545316525944078336.000 0.000 0.000
496: 0.000 0.000 0.000 0.000
497: 0.000 0.000 0.000 0.000
498: 5548188450315829248.000 0.000 5548188450315829248.000 0.000
499: -0.001 0.000 5548188450315829248.000 0.000
500: -0.001 0.000