5
45
345
2345
12345

    1
   22
  333
 4444
55555

11111
2222
333
44
5

54321
 43212
  32123
   21234
    12345

123454321
 1234321
  12321
   121
    1

6
56
456
3456
23456
123456

     1
    22
   333
  4444
 55555
666666

111111
22222
3333
444
55
6

654321
 543212
  432123
   321234
    212345
     123456

12345654321
 123454321
  1234321
   12321
    121
     1

7
67
567
4567
34567
234567
1234567

      1
     22
    333
   4444
  55555
 666666
7777777

1111111
222222
33333
4444
555
66
7

7654321
 6543212
  5432123
   4321234
    3212345
     2123456
      1234567

1234567654321
 12345654321
  123454321
   1234321
    12321
     121
      1

