-128 1011000
-108 101110100001
-104 0010110110000
-103 00101010
-100 101110101
-99 101110110
-87 0010110110011
-61 0010110110001
-30 1001110
0 00101101100100
10 1011001
32 110
36 1001111000111
38 1001111000100
44 001000
45 001011010
46 000000
47 1001111011
48 000001010
49 0010110111
50 001010110
51 10011110010
52 10111010010
53 10111010011
54 00101101101
55 0000011001
56 11101101110
57 0000010001
58 10111011100
59 1001111000101
61 1001111000110
63 00101101100101
65 000001011
66 000001101
67 11101100
68 10111011101
69 0010110000
70 10111001011
71 0010110001
72 11101101111
73 000001111
74 0000010000
75 10111010001
76 00000110000
77 10111000
78 000001110
79 1011101111
80 1001111010
81 10011110011
82 10111001110
83 111011010
84 10011111
85 10111001111
86 101110100000
87 1011100110
88 1110110110
89 00000110001
90 10111001010
95 10011110000
97 1000
98 0010111
99 00001
100 10010
101 1111
102 101111
103 100110
104 11100
105 0111
106 1011100100
107 0010100
108 01101
109 011000
110 0100
111 0101
112 101101
113 001011001
114 0001
115 0011
116 1010
117 111010
118 1110111
119 011001
120 001010111
121 001001
122 000001001
